ref us/call median   1203.8  1255 1314 1287 1204 1142 1133 1116
test us/call median   1158.4  1141 1313 1157 1188 1144 1158 1206
ref us/call median   1146.0  1227 1206 1134 1127 1126 1146 1149
test us/call median   1165.7  1168 1223 1154 1166 1225 1141 1150
ref us/call median   1164.7  1170 1274 1182 1165 1146 1148 1137
test us/call median   1199.5  1164 1344 1194 1178 1219 1200 1267
ref us/call median   1144.3  1191 1152 1144 1140 1131 1145 1105
test us/call median   1206.2  1298 1328 1159 1149 1177 1206 1260
ref us/call median   1186.1  1235 1236 1163 1186 1161 1176 1387
test us/call median   1224.4  1187 1243 1180 1185 1228 1225 1224
ref us/call median   1154.9  1231 1195 1173 1144 1141 1148 1155
test us/call median   1179.8  1180 1196 1160 1165 1190 1322 1171
