1.1958316311787922
0.9542948547707613
1.880142764741649
1.1348749582139053
-1.6092143572117765
0.681727758980133
0.9861867349106976
-0.907183947277487
-0.8883768652436148
0.4928798803267911
1.2015369187527971
-0.12771719675097853
0.04268619280689075
-0.45942439863227064
0.4729946150328006
1.6992180871426805
-0.40552873961875807
0.5818271624799273
-0.6694757884172928
1.2501635715460515
-1.3314481657110662
1.574882075342873
-1.5323996591242006
-0.28669005523776453
-0.7511211197867165
-0.7481658058772543
-0.6547713688772099
-0.5082055946134771
-1.9203076559486256
-0.04674153026111644
-1.2602032531645426
-0.924737811330719
0.1732945898522991
-0.4232479279379669
-0.7879749195875407
0.6930188912185256
-0.2713019984647293
-0.7923134471911171
1.1897857237685752
-1.076213288034457
-0.9062132882010262
-0.5880551640019818
-0.03761558589409223
-0.09779757528998725
-0.6196219707512449
-0.048695796350262235
1.6913491182798976
0.1738496002772978
0.019933326803564907
0.7838422534845514
-0.2590392874277719
0.5610483170591236
0.36175110593123166
0.4308245325493459
-0.12477251224867339
-2.2398762163809995
0.4363273643493904
-1.1610109650519769
0.35394903976230024
0.2440246979829747
-0.06914157431074194
0.30875031052245416
0.9073600581598346
-1.76828625298697
-1.6667343777781212
1.427728366817181
1.2147264233613297
0.5417516345347831
0.519038917874519
0.38499443229307123
1.200426201831381
-0.4965263237511643
-3.1345317782234035
-0.17716521585928888
0.46697564871328456
1.9126817912116636
0.05284334858032729
0.1519332760195209
-0.8822162764061776
1.1227893860530065
-0.8401805044953468
1.100923775123969
-1.7501806445947639
1.3314626716915774
-0.27226188862731515
-1.5090697815261258
-1.1317311983982308
1.6493958512216556
-0.18185314528734914
0.718908817706047
-0.6904950865187235
-1.812886824058848
0.31998200201947163
-0.6179751192064874
0.06998479275521642
1.3354509894432025
0.9089506244325452
-1.058272810550735
-0.1498653613472023
0.12261668254194039
0.262789927436553
-0.029980661506146176
-0.283928063102314
0.2940720456850466
-0.3742214827579043
0.0412058442229277
0.9114178332384232
-0.4694691986427997
-0.7414216034693478
-1.2197277667526008
-1.5047130378683962
1.613436052264904
-0.2578159300870476
0.09778229444150317
-1.3136416724680855
0.4199715728997148
-0.512193131717851
-1.0726440372485055
-0.07003195266748223
0.9069385020062524
1.7704733433850712
0.7141123180322344
0.31470679661645734
1.3371405366552958
1.1918368165222637
0.719718093236601
1.1870749753948888
-1.4351544718490612
0.3581599645375835
0.3682143978981665
-0.7989790288034578
-0.48163073922765914
-0.6106396114407352
0.43419827311905784
0.17693599717459443
-0.506713633715535
-1.275745304972362
1.8806365012764779
2.060321067156769
0.5953403375992781
-0.8069865248394482
0.9902718782095907
-2.0454099956450977
-0.6880042956740215
1.6531575976673558
0.09885408916969785
-0.34281934034943945
0.5258092701472309
0.07320403337857097
0.6432838149581059
1.1728746811566901
-0.3233038765619688
0.7375021183307722
-2.218124441808613
0.3544929598861496
0.35974199894596953
0.8731858337501898
1.3481843744056687
1.4013103753826897
1.0140385919251638
0.45230586704222975
-0.17046910404434157
0.4900013732745862
-1.5376463704190284
-0.09152273771031784
-0.6620504795273171
2.2759337394442345
-0.37178906098629744
-0.13593493114179464
-0.900826884923027
0.7870499103659839
-0.2791832805221785
1.180647827359146
0.32978398289955024
-0.11699305511961489
0.5391646792873951
1.2912324060015146
-0.3659398178217861
-1.8889745985167734
0.7089165146562998
-0.6208322973560995
2.09025481199565
-0.9170047947298658
0.7334453875952752
0.6965881626120066
-0.4361425210071151
-0.6085003198129031
-0.36786455874662316
-1.0441224373369273
-0.3969416886626225
-0.8305780462999798
-1.983564047630231
-0.4070913997090177
0.820958871880667
-0.6763279189798714
-1.6230956414855804
0.9323847982692962
0.571473623447306
0.33285265530711167
1.600853640800509
1.0346835752047348
0.6610588781262262
-1.153523972772017
-0.7413451759586863
-1.9310618671819335
0.2952309451791562
1.1049090339996241
-1.4157795816613108
-0.3081870525980672
1.405885301870162
-1.6820192654140345
0.5106408090897042
-0.43336265790969764
-0.3574276998907143
1.4148860218307784
0.1715509778063773
0.03214625264829541
2.8529997191906102
0.7345972552119968
-2.452559622710994
-0.36295723632381127
1.1993100872308675
1.5655631232775673
-1.7554748636287525
-0.39981029389739203
0.15557972993794947
0.2600089539037354
0.42269948699057425
-0.9272362869755442
0.07519105915277596
-0.7459926588359906
-0.788472785496282
0.3084150248027687
0.1305995130952424
0.3602455050350804
-0.6385402701420423
-0.05821095815793374
1.250007057095005
-0.7394383395510732
1.9533454992746886
-0.3310560930648666
-1.2256262968317304
-0.6685642756496509
-0.6486332078606443
0.20652029057093652
0.6205997054099944
0.6331545628650792
0.4284842413642889
0.008742938667531659
0.058476975353623
1.189620980922952
-1.2641934946131241
0.38543039653211003
-0.7708224916598478
-0.4434288481249271
0.7787077930529978
0.06558928935651272
-0.29220035161865526
1.1837291378569652
-0.5695384971854127
-0.3452003013318102
1.017931140976341
0.7210050415318624
-1.8681849873034977
-0.8516930792429441
0.6872916445888668
0.03125974955062201
-1.5878121204798528
0.6756837457247031
-1.5950401809145625
0.337467538036895
-1.5692612192586886
1.5366617645706495
1.174586144943352
0.07903299996376338
-0.14304150757283168
0.5127849333529341
-0.6650634440209783
0.22597509823355358
1.3213886188259079
0.8080067869588772
-0.5393115852185256
-1.3390733433743294
0.9423431876664735
1.016960799109669
-2.37885824282433
3.1887382830217144
-0.35970956927957703
1.0331604834473656
0.12265678238429747
-0.27665663384518674
-0.42655742974771593
-1.0544004857178682
-0.10137094683444682
0.3335390636533904
-0.7603180942758712
0.1606695039064222
0.5934072082401244
-0.5428788314418653
1.0616855613745526
-1.109439350361265
0.8197139079671865
1.8361319834245873
0.3732621752430041
-0.14659715362008646
0.8174474446738729
-0.05630123574241831
-0.07940003100839994
1.2897344271475817
0.10855194484543983
-1.22241219920955
0.293600869704374
1.3323318939262292
-0.02307458712252741
-0.9242061416761884
1.9189846107918107
-0.3300680970385091
-0.47173166389309124
0.718824781298868
-0.1538931845629242
0.6453032458549365
1.1530104721989483
0.7262215662854485
1.4659929961795979
-1.0549293141280485
0.7818140131048704
-1.2500561478037233
0.5607615133087273
-1.52016780193573
0.04792511364824356
-0.5910076229864407
0.49467408132327195
-2.6171514561293194
1.1677744085979493
2.4285196234425976
-0.43488031939951277
1.375759600570848
1.6501331082867532
-0.5747255604808854
0.38984679271830625
-1.2380006055503463
-1.1966443690874395
0.30016209456494486
-0.1330056810350587
-0.9711691105135166
0.05516641865211137
0.22204138494019146
0.20458350149586677
-0.23128493077403647
0.028806174059494326
-0.43962657681445927
-0.6631634407627411
0.20655203815207615
0.5467538008878285
0.18794878840513812
0.47354931856142696
-0.8573112366358052
-0.2946335745048161
-0.14158333517451624
0.3296147878894023
0.22266544197752167
0.8579387919123002
-0.0710820847946491
0.1680302817291018
0.917943103252179
-1.2523865246714185
1.9417406144098819
-0.26448303574237153
1.2283992859835902
-1.6109976667979573
-1.0480728712352767
0.2794515101748178
-0.6653027393442262
0.1673834778190386
0.7798840317441397
0.5454688915407958
-1.0922150207835408
-1.1452536999129899
1.207542514249924
0.5519334022857946
0.8178304336224311
0.26869704212700984
-0.1507408451197304
0.9133081802316098
0.010907163591351578
1.283399826095659
-0.5039167885812628
-0.4592885957711934
-0.6615073277846631
0.9576044611264736
0.9622757966281597
-0.40509673593425427
-0.28194693383617037
1.448276381882934
-1.1960804816626527
-0.1880530157386468
-0.339940113582572
-0.05010441643789195
0.9904541952430811
-1.1329782733892597
1.9795692059048144
-1.3101687459761746
0.45687005759925464
-2.6838997069712383
0.43923068512404434
1.9894434475032299
-1.3369196212451584
-1.6625396309389964
-0.22689640209659243
0.0866481915915938
-0.16079499403888695
-0.23401165567842622
0.6261212363488933
0.10224888588068808
0.7344757623967044
0.648232496848665
0.15070074571942466
-1.1903890013006468
1.4900073417468034
0.6208991517785923
-0.16650621003341734
0.6951794761501494
-0.7836293684466027
0.08131265556959413
0.34215410932085444
0.28000825434020216
0.042278762939108885
0.637944167813422
-0.06341648528857892
1.6372908617128137
-0.0015980654475221717
0.09468145629361621
0.892762512594022
-0.5090448768949842
1.883011026674733
-0.3116854808687546
-1.2643560838550967
-0.6884152431833404
