0.0347708846802084
-0.06762539787547597
1.1047910225166746
-1.1419489036815775
-1.1841680336649134
-0.8559864173277328
-0.41760906088155436
-0.24967411283198146
-0.5742272931446067
1.5489492431026015
0.6682421759376416
-0.05854564018071406
-0.5911866947041039
-2.0307740742774514
0.29786558790998396
0.11786764396905469
1.653983153232797
-0.24506748119472702
0.07672194974862627
-0.529261865857323
2.1305509435043755
2.096667422379137
1.9985772804062216
0.5030614760398305
-0.6251410756927462
-0.16416129700298715
-2.1199583579249985
0.48332502497792273
-1.3901324758356148
-0.4180627249116899
0.08755963350059867
0.8373554799224431
0.2151644798174038
-0.8940493851588296
-1.7826475459344937
-0.843195875663363
0.9835703660267097
0.2169307705654138
0.7916129494087841
0.4403180650461882
0.32638852049552647
-0.7875956480584752
0.32634517951158454
-1.3546598797041147
-0.033832377470235715
-1.0484189378401643
-1.1133367271413899
-0.8436305715787438
0.10481069604838165
0.8757387449162644
0.3760722644145332
0.24276069827832805
1.1841989117867033
-0.1692451648479451
-0.6299371086585739
-2.7783470033966005
0.7407858751611449
-1.2396492700781931
0.0641719313505017
-0.48590805155888545
-0.14637537045225146
-0.1050190758106779
-1.0028564028113396
0.53288706854326
1.1944387223446542
-0.8085934374912018
0.9156273262888435
0.02407432935863737
0.11554680697392933
-0.7836460163496574
-0.3064210914060406
1.7593066960168715
-0.44276668145446446
-1.3345449462886352
1.0395198829488064
0.9696855078431008
-0.7778762411234307
-0.4686510303503797
-0.07893831735218336
1.7616265049490951
-0.06086631324770382
0.6932496317155047
-1.1052755019538316
-0.598088721271126
0.6372896185744641
-0.2957055216744522
0.4148378345351245
-1.7571979828160698
1.2794668200785109
0.1674653395755167
1.4103872654113843
0.04826840728133716
2.041864509818403
0.04916190171063637
-0.392999615322403
-0.26701957390228304
1.3470227453185102
-0.489786093898095
1.1684580423407867
-0.1740674681011326
-0.48206294101380803
0.6902984710968769
0.07770527423178912
0.5695352727335047
-1.1533329487574908
0.45767685779287653
0.7636010080342391
-0.05842945675449338
-0.8167545986085658
0.1142982223992009
-0.43119328399644813
1.4143673538039685
-0.33764783898919964
-0.8662997739314042
-1.1356628061022649
-0.9603064562336366
-0.34352754355980736
-0.037397919767655545
0.1361286842282906
-0.3194204299163737
1.442463124877914
0.5012545999665551
1.4277255231196728
-0.6156917634951781
-1.3878450304290872
-1.0746609116716856
0.8871675538662829
-0.5509954144050134
-0.09315844853424197
-2.0219882461676697
-0.10872334436774722
-0.5443515262627688
-0.6662423831311671
1.6900281659339245
-1.0218956431602209
-0.11971155858691493
-0.12718930751158183
2.0233242546234806
1.1883325994007539
-0.8102496242760342
0.5920531725812411
-0.8078654522249286
-1.6820479386921274
-0.5162020139289887
0.9770808588894607
0.24525883501547727
-0.6474069000734791
0.425282909459374
0.6463151752302799
0.14881673053093178
0.5343482244564952
-0.7844250709429121
0.1319294073497889
0.8614190020798664
0.32014032827299593
1.083114666837861
0.009632897901915396
-0.36782162859116485
-0.5270984855854629
-0.6529623317795951
0.4203192059675194
0.36902042375211846
-0.3167090008497515
0.28201261601843064
0.7785857589269037
-0.590724410160875
1.7183682443101265
-1.8800536799514405
0.15346182247759324
-0.24954823915455382
-0.4995658024336724
-1.3118104766823662
-0.49150393342461096
0.2422753639206943
-0.028918834905668947
1.8634380098268128
1.5712968429554823
0.2802660873380555
-2.570861806011817
-0.5380382810067941
1.0741869300666655
0.050175069912470005
1.1574148083326576
0.06396754740599357
1.3955979777162144
1.3965894280463498
-0.5223526207349496
-1.4089185257877046
-2.2630567442255707
1.1222023286825806
0.021802113046757388
1.8433484697030658
0.336960800577843
-0.1767257616841927
1.3385110097827182
0.1960584918820795
0.10074633231879443
0.2732227930968208
0.3426175489826995
-0.037306178319422595
1.7598908048457043
0.21383754552750897
0.45211403787160614
-0.03601259842084895
0.9701442451845645
-2.587440936183964
0.02372150610199295
-1.6300954292890442
-1.1071078403806245
0.38208587004471545
-1.3254883132847561
-0.3945767089252691
1.5738108373118618
-0.14111883649907841
0.4893433854720442
1.7827336117067907
0.4776593372122551
0.4355713209899706
0.17689729951899788
-0.5530421408941906
1.2171853333861327
-0.4127725375602962
1.2256912099588155
0.22962381766238862
0.9909999239283834
0.865008013826248
-0.3899002367681832
0.6972833821538077
1.6749523157032025
0.03480166973704543
0.93792594211127
1.8643498617825898
-0.28793447077022505
1.5913920633200695
-0.3955882154218435
-1.1992747882779193
-0.5826342336520414
0.16615941418491434
0.2773010184698316
1.919329377372838
1.1756936707281116
-0.25018746429527317
-0.7068030167392263
-0.14839796100773278
0.1010523728572533
0.5035066809530715
0.33441511347833586
-1.2890099903084222
-0.3401411055214195
0.49016977554499225
0.46708987019611775
1.9199184050740619
0.7056723044023788
-0.5505013168317768
1.077441771587461
1.2037405566552402
-1.3905570560062608
0.4909829688266375
-2.5094483182686216
-0.20931033875497704
0.3286241137519806
-0.5097739619324265
-1.2848533625828242
0.9374648238569427
-1.3122624392243414
0.2506420793619142
0.13427496671371622
1.3727105662528198
-0.11275376413966162
-1.4301977265889583
-1.674312250273522
0.7364291531340323
0.6140451344257093
-0.03499385291468302
0.40713200510382896
-0.1524531894166692
-1.0098719772037799
0.1094315690289692
1.3655608424637051
0.5720093251271574
0.16161609044719896
0.0815392446872459
-0.9493822266256652
0.6709463121673019
0.8277243146079492
1.4574833573524726
-1.156548871207798
-0.6354135466028348
-0.8414807888593365
1.1063339352856298
0.6663081639242465
-0.9240427313461144
1.1983367068384614
0.08905923623482928
-1.1283017143018867
-0.3851478428214522
1.295215217037749
-0.011026753909963482
0.5667691116961208
-0.32033442617470903
1.566013961637467
-0.3836003619269651
2.058453175232819
-1.5744500383069624
-1.9487074300918708
1.1835188492964002
1.0292786006487393
1.1274602158717093
-0.6732403342899921
0.14623485656637725
-0.6485554656731694
-0.33142848433878397
0.33315543409275666
-0.8321841140766897
0.7694048071730663
0.3651470865647492
-0.2950153415233351
-1.2114521000725544
-1.9322081176972399
0.07463592310843337
-0.49194619296372044
0.9051802172018378
0.4624224092624937
-0.003262428292950116
0.5439592593416086
-0.7111993958144679
-0.18045002677611388
0.030579635390692257
-0.2915560522816157
1.1688084356286133
0.26896218792404464
1.5413285961557353
-0.5950395114030692
0.6328050946081851
0.3396591557172248
1.0047716771007573
-0.1790757925071574
-0.31336939707016165
-0.19530979390154793
0.659286060907514
-0.003613503194703562
0.6302270939820752
1.9892785097782966
0.9170494781795665
-0.5447802009347056
1.6041267327986946
-0.1040021510185552
-0.5297147816757589
-0.2871729334568558
-0.9069461078379117
0.561224534925441
-1.1157493410577333
0.7331387147119857
1.624974851285304
0.10626016345494353
1.3741623732267891
0.7824998771004782
-1.3439038165189061
0.4330250444680722
-0.12300380109807285
0.16806962918969853
-0.4801558603171768
-0.319301322251381
-0.32400203534158917
0.2269321856049489
-0.05862795465420454
0.27737404927893095
-1.7299786461705862
-0.38570108869866215
-0.15274918768933468
1.2213582683241768
-0.22687820421103935
-0.13796388010114227
-0.061904607868693146
0.3946210359438389
-1.0979427357465026
2.1842972296178433
-0.7536201271672295
0.40770495662660244
0.6021722255886329
0.11938289662123958
-1.4671854300941078
-1.1427441893438628
-0.8568437636360087
-0.10635687961011828
-0.38712000430663257
-1.2129908753278953
-0.6570697000351209
2.087861467084932
2.0956216291466125
2.565045803124736
0.1003638047147841
1.1341534009020198
0.7618896415714378
0.7137436732459937
-0.26534927788827606
-0.21681327844996778
0.6796320832736688
0.07784406251827289
0.7106182999146803
-2.420791817119343
-0.33162074199161035
-0.04872598183896722
-0.6868861765213177
0.7206130440098988
1.3201767863995932
0.06141599523265811
1.1716581915645026
-0.2999806746061725
1.5195444990343598
1.6442948138390439
-1.9202935703389912
-0.14716152436937371
1.5879952688128007
0.8788483048425686
-0.9243900140917106
0.11364211758149759
1.3431792154755855
-1.6587082372950535
-0.29186082493849796
1.5561695921347924
-1.228382099757005
-0.339513605397224
-1.2203829826063437
-1.526861804073885
0.9049083667243732
-0.46375748003115963
1.2859511060364404
0.6944521183914031
1.578484679451566
-0.13720283894273527
-1.8733947653998206
-1.5553545492819154
0.7036017039834559
-0.13068403527025557
-1.0168598286762984
-0.04508724975762489
-1.3212382371897577
