-0.8964716027736926
-0.424911770796542
-0.7241660976320421
0.5724381799827396
1.6830964227848901
-0.4079921595922225
-1.7588906447690662
-1.2997969604324628
0.6553252758266387
-0.19084508754623805
-0.5136416887944659
-0.3811777591811383
3.5798244792800658
-0.4277196712518212
1.152492540155163
-0.3567954307476054
-0.9583739782980469
0.7579861142343352
-0.35272723798898675
-0.715349987556663
-0.2812972672307058
1.7545818970785747
3.153182921854662
0.33062855128258456
-0.2032418169896189
0.18689249288518134
1.1448897117467074
1.0138205886665423
-0.6835731324542065
-0.09466169381027174
1.227580250647429
1.217553533292629
-0.832781869054795
0.6133633155205762
2.5453052083489367
0.4150500318537485
-0.6543593626065637
-0.5005614986732654
-0.5251920095796022
-1.3099954572067019
-1.4738059075596168
-1.9531389881750236
0.6452165153881282
1.5148419486323716
-0.04639890698512416
-0.6897166025492122
-0.1286380950533067
-0.9197555668022193
-0.7450467331152868
-1.2729685492794331
-0.32446817711172377
-0.2997685215207082
-1.277716754424187
-0.10189259115708822
1.2367863197697109
1.550547258667858
0.27818633537061743
-0.7460494111757451
0.2906929369075292
0.6088844558110984
2.1265079837407446
0.5929165255420348
-0.2356808179942977
-0.4594677791173404
0.2902423353598576
-0.48736044514377197
0.7617191517018078
-0.9718542942560937
0.20212598324524914
-0.16429227575186484
-0.44262894753425386
0.9473239300507579
0.7099050886690967
-0.19034109633329935
-0.29364123836771727
0.366705368029329
-0.03631651998388873
-1.8877987863272303
1.9216913482954028
0.6067370193676908
1.2842363776265406
0.10345308153970599
0.30755572904157863
-0.9470456709583029
-1.0694626547220036
-0.2143511692930321
1.3688454822928633
1.4163059277080727
0.911335228816457
-0.2688263166919183
-0.7558226204265933
-0.6314085188606351
-1.8044834110624188
-0.3808805236906747
0.6958375398981721
-2.3692303309795384
0.5373408478875007
1.460431130062164
1.2226853743182937
1.0288534102714655
0.33348324294051707
0.10051826057561533
-1.1956223521456428
-0.3155480073550016
0.7544073636069617
-0.7666268936493201
-0.4763753968989689
-0.48623523675421126
0.08478799891433444
-0.28738338945181374
1.0647866414687333
0.025425804588895012
1.3308016082396634
-1.1852668661098977
-0.9179166781848661
0.08815470416439268
-0.6684241680019216
1.1190939980220556
0.989597164230636
-0.20328443536166363
-1.6814876269678856
0.16719241917047367
-0.5843658220175779
-0.3495956982812412
1.9223624893799613
0.9955070574355797
-1.52795460221348
1.0753634925677302
0.11819184607378709
-0.49692049297219276
0.6734090142720285
-1.7182726438212257
1.6774020211623
-1.4559333457338077
1.176896225884136
-1.3886990951481395
0.5232732198346554
0.3498891727021632
0.7311023140845402
0.9055294542763764
0.07068323356803773
1.0352185073902092
-0.7073276457403711
0.4026040513211532
1.038046916162002
-0.9841544529325509
-0.7147309215710677
1.3369600351193445
0.15175627767297742
0.9254061547428625
0.028862634521785
0.5770815088769478
-0.30026911822781566
-0.8034117774604959
-1.082731336566343
-0.49685162602873006
0.9495189592515915
-0.29670585963558055
0.44049825884975763
0.2165825190881223
0.1462182336237343
-1.3663580831633135
0.9022720550198639
-1.1270571236886973
-1.0523656455050376
0.017699105121472172
-1.1860021103036669
0.43142340112305194
2.1295271295431437
-0.18268649268046963
0.1869987029645464
2.643684454184366
-0.4894009883013466
-1.6639114409088316
1.2250583047933166
-0.5326545865974692
0.150704004585028
-0.8116702926788211
0.5141593414170048
0.2970581533680773
-0.3816227976400585
1.6647720502680974
-0.8200983403667373
-0.04301566475266145
1.4440401959822844
-0.28530663633500164
-1.693836524902744
-0.335081795953591
0.4323664983891851
0.1304095188396539
-1.496936774107835
1.0428350638035944
-0.25530038335067184
0.1798930764184547
-1.686030937196874
-0.2282395989125698
-0.42373979415877705
0.3672365478476901
0.19928997965152706
-0.7463795489963679
-1.5131728887562674
-0.061556223839684655
1.7953902799253678
0.5164485937340328
0.0326407707319135
-0.3852204648133875
0.25779479188759324
0.21901752241460548
-0.3949351427665685
-0.3941432785191403
0.06024864151909541
-0.2772091986478144
-2.1796591510757333
0.051188922140270064
-0.09761273246677445
0.5001212431386111
-2.255951997068493
-1.6352539646167965
0.7376339853953644
0.49189074263989935
0.14401666950913344
-1.6174174764425961
1.2760610079769081
1.0669357345035848
0.09114034256433232
-1.0328656003771257
-0.30661933004888864
1.6276974689191488
1.674631956785769
1.6878168026263962
1.543723094347528
0.4927171600544183
-1.4933460759844635
1.4145081731769205
0.04345785214415152
-1.2677134673156534
-0.5542732060120769
-0.5433672409645495
0.719150530485031
-0.516931613554582
0.5182420427551321
0.8881686338189752
-0.05599599367540883
-0.9329790931257758
0.0027043898319262616
-2.244303447135962
-0.20504951495249374
-1.5967675785063347
-0.23271869703701448
-0.19439681762639252
-1.0073096850220247
-1.2788296297001698
1.4282872685858938
0.47771428479606165
0.013033603249097879
0.336654548923747
1.0582247890204854
-0.9065681761265416
0.11932589068306587
1.3474737436319753
-0.6041170547277899
-0.6924838988612404
-0.17324414472163116
0.7351344578034498
1.1675674523437165
0.9635717806973738
0.46080399882954587
-0.4905627007405955
-0.18089811441332537
-0.6710515803379309
-0.3834866529923217
1.391440078719892
0.6949850346624635
0.3123460515851166
0.8118921321611685
-0.2053180656107722
-0.7851336432950894
-0.5988134973671078
-0.7616217300120982
-0.23686435260010438
-1.2035114000245632
-0.5934886272228399
-0.1422982567143468
1.8130514291581306
1.6856840536234636
-2.9064909620655137
-0.26217233492525543
-1.4930935261392815
1.6317105717164893
-1.1233298915424577
0.5774437846597207
0.07042087463175603
-0.22851201431536675
-0.13001431854768294
-0.22318496632582502
-0.9439664596158152
2.583248931090186
0.7933817074169062
-1.1797325946242452
-1.5464629246119603
-0.043651326251282214
0.3813798656236379
-0.2833899572911782
-0.1478937687800417
-0.9870243639921216
-1.1049061473288595
-0.34055379478386877
-1.9449388898922313
0.10864812042042235
-0.4431620596156185
-1.9371806084796561
-0.2659683932707267
-0.881089793064159
0.2707988185695824
0.2820907112183852
0.10376686615044693
-1.1475221437809608
0.8021781364050538
0.07279116838022338
0.9489920500607559
-0.9658738985797735
0.8925157396631697
-0.6902829698601775
0.6355420539171166
-0.957048495549371
0.12955289315330554
0.11927620074784467
-0.002849251935803688
-0.3075036866979351
-0.5333015848761209
0.585253305586444
-2.4748431987899675
-0.9577843417954944
1.5067660509430074
-0.7700788831419311
0.04928040658440823
1.3415441085981512
-1.770827272902243
-0.5084889947311698
-0.2599046863975323
0.8464957258569912
0.168669037568674
-0.09800924651289679
0.10302321463950696
-0.5490246323732625
-0.49264534466620014
-1.3171752271989317
-1.456621415367948
0.1649359198266856
-0.5176436388512902
-0.956387632098844
0.14208108588904045
-1.4631147503523891
0.13830256864921528
-1.241218126993222
-0.812664719046022
-2.3918689305933323
-1.7158548757628245
0.6009614542122517
0.32276495618940937
-3.125346850612353
0.6508865063753754
0.40626586356822036
-0.09349365947777141
-1.1047135710618943
0.09506335121094935
2.108650429980165
1.7116316342978408
-0.20912888324915566
0.8095090208442258
0.11572066863960663
0.7213416767907619
1.1728029313897421
0.872870156598767
-0.33866774635258556
0.3665524895837259
0.242370527763091
0.14413418584595034
-0.8644866947896062
1.539061226704746
-1.5082991265184913
-1.8438867061585675
-1.2451078712352042
0.7161168091535788
-0.29775202063208883
1.0229776335374219
1.432235572530055
0.7574027894156741
-0.32821627603952586
1.0199420845124947
-1.012179217985547
-0.48279621856633786
0.013596375438969056
-0.1807303986258155
1.0148085856409115
-0.064709147786299
-1.6366914955746545
1.6895021908550294
-0.36803750491690923
-0.1692416599669274
-1.2288614252551653
0.4097177648575985
-0.6755395755523759
-0.7058089535187775
1.1686476107193011
-0.5162464468971278
-0.5758802667046581
-0.8600172870391298
-0.4585534312956439
-1.121568637687099
-1.1048664875182477
0.5850522622537316
0.8790350763179101
1.3062673050646192
0.6157311698976796
1.6043329870914833
-0.24373479598935338
0.3717348018272083
0.5119840703797133
-1.2803781433991783
1.0952902533454987
-1.0921745811027848
-0.1051549149709745
0.7418016267231697
-0.1366755743594226
-0.13583170399640132
-0.33529074367244976
0.48721705176798075
1.0395350900080236
-0.43785042331764623
0.7553722779972275
1.3727765610837992
-0.06109294989557934
0.06394790279611272
-0.12256375332004593
-0.2003701774038267
-0.4681281085577058
-0.8703423703977874
