1.9993649658583361
-1.6033388730013955
0.418101703287874
-2.220251569087751
1.719688635325692
-2.387054896652296
0.10521231706621252
0.01744357559425694
0.6899210010327042
0.9156730125362617
0.5842521902157625
0.22089988682439807
-1.684894462926531
-1.0234325790949692
-1.253756590660953
-0.9346559850568402
-0.11137668463290067
0.5803292743058508
-0.518592681542851
0.5703128140338192
-0.6187933389148123
1.1647753684675333
-0.34224854241553737
0.32729500004183637
0.47403073535880846
-0.7763618241713885
-0.44186532619348406
1.1165065715797742
-0.8202072075341906
0.35251645097684225
0.24159364332978323
-1.582648631710573
-1.4340197331332598
1.3107152724732438
0.6486151625661667
0.3936586968937348
-0.5109879601379642
-1.95442522486186
0.9057885987640799
-0.07576058645968436
-0.3080809917267737
-1.1465970214981438
1.6550949946470175
-1.7875536948908493
2.003298286807128
-0.13750645389297167
-0.5134793535967094
0.33042104184561194
-1.4040632568561071
-0.8232190083043635
0.26776430250284966
-0.4030780618033455
-0.3234324342407314
-2.1593742756501073
-0.5432629756241382
1.2960161691429377
-0.47094144301711643
-1.014454721128581
-1.0587282219290373
0.23901634643267677
-0.5956075254687353
1.1975185161162327
0.8389225206116787
-0.38177086141124417
0.017567638528620724
0.5315890088742459
2.1011371862831405
0.3711046562853511
0.9180707798771983
0.251823149333149
-1.9201920494139317
0.4770252556763139
-0.12942793144816758
-0.33115900439852786
-0.1283164194767343
-0.015787896735066344
0.1508795651919138
-0.21872415899044712
-0.5739376977529116
0.3192698277109673
0.3608457595381952
-0.41913117330361366
2.0732170793340274
1.3853818744393087
-0.671398520047135
1.0833120266028515
0.5556895443756922
1.0841814372937004
0.09381693656621441
-0.12440596025894869
1.27259580994466
2.240173451419218
0.39899275515618937
0.4285731632082185
1.283873252791683
-1.040223079572343
0.37350581950349454
-0.09220509701243446
0.3938491611415968
-0.0358145436743706
-0.046869718413938506
3.0623766780671073
-3.360317566607123
-1.4191888879886752
-0.9342085330362984
1.2196967140120223
0.27649969117411255
-0.7089263990733777
0.5709322328640372
0.5760341871851251
0.5909667729522333
-0.6003427401339518
0.5732049371513883
-1.1304507021152626
-1.6685163050725136
-0.7076731369021718
-1.0106730796842653
-1.367056838060578
-2.474450698602326
0.4793275821427766
-2.483288248353219
0.47320094014292247
1.2067671213829216
1.0229938705828054
-0.40655413144291364
0.0008227959964410841
0.6404013227452917
-0.9545717270807496
0.09955750411037179
0.32328027311908647
-0.7727455623666202
0.8679128872658047
-1.2587628461539802
0.1275064255398377
-0.22056600097628512
1.1462243156158416
-0.08102788076083346
-1.2145872916972262
-0.38877226147980687
-0.6405277272947643
-1.4379184268916327
0.8725790509827076
-0.09052644292611872
-1.6005799299827899
-2.0255699650070804
-0.6886115557248852
-0.28843772662410533
0.4298848155422943
0.06894121011244872
0.6261877371441535
-0.014462359551692535
0.43349842687776613
-0.6446379343683138
0.23048765323216816
0.19779203789662608
0.006180477970556436
0.08955119609761185
-1.517142207086337
-0.06266511437376937
0.7785205740824739
0.862921121444406
0.15932262343377934
0.9058879120665935
2.9447022659581505
-0.5324661746184057
0.42234254065660914
-0.6994465572320966
0.33523107436119676
1.6836721468911169
-0.06770007718300061
1.5453332026407252
-0.8332750561439229
1.2017453723554672
-0.14517727000167044
0.7114449239439962
-1.3051753363154182
-0.8190820836766382
0.46485086888174637
-0.019123435273637274
0.37266745731574413
-0.45297035944209174
0.7171493859387783
-0.4288540820280841
0.4387313011163128
-0.6596408935040654
0.7855571386495573
-0.11390914441177863
1.136976305114492
0.37911658869774195
-0.8078136859219193
-1.5113341412566417
1.336006737204718
1.715180226828891
-0.006651346315948135
0.8740493762037891
0.5280547916091363
-1.7417465089588948
0.2820364194734525
0.17068225109105242
0.911141229245815
-0.4533440759514083
-1.2496066566391069
0.6797932532701031
0.5230477301544969
0.1990948274106217
0.03074894129531488
1.0282438388615003
-0.15465712763830938
-0.6277348903987144
-1.6818656808146948
-0.5903131584594699
1.3879472182844546
-1.540734888822058
0.23296189615739976
-0.18466643530207677
1.0381521036802561
1.688371573340205
-0.8352007682396083
-1.0059471145006593
0.1929706984074897
-0.44437274050805975
-1.5136730513266838
-0.06161838400389069
0.7644647383009403
-0.7894367581492967
0.850811171998127
1.6954751274775512
-0.02306080353132072
-0.21133635181089452
0.6072372518782727
-1.5757772102612355
-1.8045798099896118
-0.38143575808727004
-1.6405636755385207
0.07369114068583088
1.1481744252502983
0.21737406620793584
2.0983897771817186
-0.4894654118201311
0.06776780355241085
-1.0778194011126492
0.20353512354727063
-1.316063033950601
-0.17041473669257257
0.13465187598666914
-0.06207730316252734
-0.25841641468509435
0.6815693482260199
0.7543293472561031
0.5657874893474063
0.996984844603743
-0.21229554010659243
0.11048410654156955
-0.37980992136222325
-0.2843513342603789
-0.9339270417038135
-1.466634809984742
-1.2312372347886216
0.4577852615821037
0.22822711539646048
0.8008975174433828
1.2793152955379261
0.3831304406463159
0.07368236568342591
1.311454359870762
-0.6134046138130307
0.6016588936817536
-0.42458453275182173
-0.5187561859563117
0.8666832220062103
-1.5015179048168577
0.2851419765859461
0.261431420727008
1.4722886268127746
0.8181717326096785
-1.6829814716520797
0.29284730364667705
-0.548782173366169
0.6337191790660758
1.2712719148506273
-0.6481995200045384
0.35394695892623995
0.048422264139334634
2.3624840227699213
-1.4468900448008977
0.28153145891886827
-0.5831726145985676
-1.5002710893346358
0.2633250448327863
2.3751266695773583
0.7587288403155299
-1.9507474395923332
-1.326004363647664
1.0897307982861253
0.7681630711213754
-1.368995941825434
-1.3045649439772304
-0.030609333324510477
0.6646910595165718
-0.1449556842778396
-1.4732567257457754
-1.5974116780353675
-1.715990561754466
-0.9120789095368748
-0.5586909948243165
0.4291959750201283
0.7745456806429756
0.9372572297665765
-0.356059062404006
-1.2363199013125679
-0.1375298308805248
1.788719519537512
1.2711805496612818
-0.8721995922106794
-0.8170408623233198
0.11634478770952014
0.5792238453774197
1.2277811358441675
1.2140492915930385
-0.1248547378877258
1.0465143536576933
-0.5789894487223853
-1.558202617992574
-0.4413948755827171
-0.5738449916877116
-1.290415237926692
-0.023510957351551925
-0.9683255940659142
0.45081332659232115
-0.33163175506865067
0.6236987102270369
-0.22177635082720348
1.9223930529789925
0.4792323383518319
-0.9258721331323899
1.072811126290887
0.292798317737778
-0.5030892959645019
1.322388043712383
-1.1521814670289208
-1.0371080860561566
-1.1313840724140494
-0.8675219482062448
-0.593076406270755
-0.13946845315027334
0.9412396618571547
1.164923908187011
1.195385600572493
0.5802041890845557
0.06596775570522899
-1.7128025072339905
1.0392823180552089
-1.2358284986839208
-1.051194217933803
-0.04123534845633572
-0.6562268563056624
-0.8363091128498347
-1.7635051218021842
-0.3622926377311892
-1.7670113750024499
0.6488635048775948
0.7288186159115407
0.977804084384736
-0.24098997993973176
0.2537453446776144
-0.843791204002739
-1.1850449805245873
0.16289967867003316
-2.5718305040675977
1.4019121550489433
2.20656651041139
-0.04400593657820692
-0.5056437854928892
0.5007853199968726
-0.42367837668383357
-1.185814384686133
1.1780173129066929
-1.444414493002381
-0.16481130150322737
-0.7878322193165267
0.22145207142806628
0.36346022508072684
-0.3084079749976148
0.4831086423861705
-0.08549353755576634
0.3195532989143925
-0.9295687610112634
0.6638643145506432
-0.324495479413556
0.7259160069838344
-0.6310733769397204
-0.4320803478734552
-0.058588473937639086
0.19955117985442633
0.9690000093466484
0.5941741025020533
-0.013505915604812489
-1.9569738920434858
0.67617065203945
-0.305930882334959
1.4355063246468474
0.8558389433987529
-0.09794762203379359
0.2902203115968702
-1.2386735610327795
-0.70959113574702
0.6377513278830982
0.7773766738077345
0.19394123287407544
1.0772932954042234
0.9910932020717144
-0.3912492989881193
2.0021081866389174
0.015762267333849268
-1.421062139995314
1.6982937493667585
-0.3480596976562731
-0.3384830979181751
-0.4308166847502546
1.2151208601650827
-0.6668484231867121
2.04980737055345
-0.18027119921963763
-0.4135730794629371
-0.2573133007222883
-0.24255315309896225
-0.4174053144760292
0.6762506804910074
-1.2822262778251534
-1.0779780750765093
0.5589149485618043
-1.9884472584981823
0.5443001437313816
-1.6513157675084411
-1.1213566775495283
-0.5860884284190471
0.0378987047020295
0.4361572236855811
