0.09285688741313697
-1.5538062828782122
0.8846157358771708
-1.641760595047262
0.157333111595988
-1.0514507713284673
-1.0105903615934537
0.4828307983923936
-1.2841240588214065
1.1062283133678517
-0.16802744880011208
1.4735397450046088
-0.18025852344819893
-0.6760833201987339
0.635445858465439
-0.8289911951677972
-2.043081434490651
0.44566438048988044
-0.24678733254773572
0.18717076723282208
0.20108729368521946
-2.024315441320162
-0.23007226988956006
0.20437618122971446
0.9715776177219043
0.21792103784145028
0.7252715038195521
1.3306514523378048
1.2049893654204373
-0.010646267300967481
-2.3191075749801695
0.8116096815147602
0.6078076731747374
2.011715949886947
-0.24390792395815294
0.23147913987094929
0.2858601983431209
0.6491432749715081
-0.23569267150668743
0.3181765041961512
0.39566010372605326
-0.7848311416813238
-0.5824213906312858
-0.7667420397593762
-0.19960496702324118
-2.719198156796147
-1.8911584891026454
-1.2182708362729648
-1.16838955523462
0.7974665377627036
-0.9604097951755638
0.5512189526225325
1.365903026033945
0.7312532266142873
0.5304872732656424
-2.080621365527021
0.26882483432683024
1.2001934797786113
-0.1826866215863833
-1.629013772995831
-1.137362728364976
-1.779704283064521
-0.24922832167277822
-1.009819012565928
-1.1509899519990805
1.3383169956669918
