0.0347708846802084
-0.06762539787547597
1.1047910225166746
-1.1419489036815775
-1.1841680336649134
-0.8559864173277328
-0.41760906088155436
-0.24967411283198146
-0.5742272931446067
1.5489492431026015
0.6682421759376416
-0.05854564018071406
-0.5911866947041039
-2.0307740742774514
0.29786558790998396
0.11786764396905469
1.653983153232797
-0.24506748119472702
0.07672194974862627
-0.529261865857323
2.1305509435043755
2.096667422379137
1.9985772804062216
0.5030614760398305
-0.6251410756927462
-0.16416129700298715
