1.9993649658583361
-1.6033388730013955
0.418101703287874
-2.220251569087751
1.719688635325692
-2.387054896652296
0.10521231706621252
0.01744357559425694
0.6899210010327042
0.9156730125362617
0.5842521902157625
0.22089988682439807
-1.684894462926531
-1.0234325790949692
-1.253756590660953
-0.9346559850568402
-0.11137668463290067
0.5803292743058508
-0.518592681542851
0.5703128140338192
-0.6187933389148123
1.1647753684675333
-0.34224854241553737
0.32729500004183637
0.47403073535880846
-0.7763618241713885
