-0.8964716027736926
-0.424911770796542
-0.7241660976320421
0.5724381799827396
1.6830964227848901
-0.4079921595922225
-1.7588906447690662
-1.2997969604324628
0.6553252758266387
-0.19084508754623805
-0.5136416887944659
-0.3811777591811383
3.5798244792800658
-0.4277196712518212
1.152492540155163
-0.3567954307476054
-0.9583739782980469
0.7579861142343352
-0.35272723798898675
-0.715349987556663
-0.2812972672307058
1.7545818970785747
3.153182921854662
0.33062855128258456
-0.2032418169896189
0.18689249288518134
