1.1958316311787922
0.9542948547707613
1.880142764741649
1.1348749582139053
-1.6092143572117765
0.681727758980133
0.9861867349106976
-0.907183947277487
-0.8883768652436148
0.4928798803267911
1.2015369187527971
-0.12771719675097853
0.04268619280689075
-0.45942439863227064
0.4729946150328006
1.6992180871426805
-0.40552873961875807
0.5818271624799273
-0.6694757884172928
1.2501635715460515
-1.3314481657110662
1.574882075342873
-1.5323996591242006
-0.28669005523776453
-0.7511211197867165
-0.7481658058772543
