0.4812166628655783
1.7491626471946802
0.5591126097808287
-0.2294380312734418
0.3019744055567838
-0.362851697312751
0.2932927310407414
-0.07823925991099973
0.14014631750522308
0.16348771511830207
1.4514757753185068
-0.580598630525818
-0.03033579915217252
2.307025515786504
0.7139944442752708
-1.653640523212482
-0.07594630861680236
-0.7562658736957795
0.5692992787005565
0.4182947426824694
-0.015827327178247117
-0.864855290224842
0.009832028495395126
-0.1413264302317173
-0.6197121720086392
0.9745959526260711
