0.09285688741313697
-1.5538062828782122
0.8846157358771708
-1.641760595047262
0.157333111595988
-1.0514507713284673
-1.0105903615934537
0.4828307983923936
-1.2841240588214065
1.1062283133678517
-0.16802744880011208
1.4735397450046088
-0.18025852344819893
-0.6760833201987339
0.635445858465439
-0.8289911951677972
-2.043081434490651
0.44566438048988044
-0.24678733254773572
0.18717076723282208
0.20108729368521946
-2.024315441320162
-0.23007226988956006
0.20437618122971446
0.9715776177219043
0.21792103784145028
