-1.0473046339429355
-0.4295567183786877
1.492559770418568
-0.05965919332881636
-0.5872192374837494
0.4653597044400406
1.3138475176605482
-2.1395180464215415
-2.1934628925420094
0.990860041048878
-1.0628366352984548
1.1375783924702447
0.5957853227219365
2.176843350608533
-0.5231476585418795
-1.1731307225237602
-0.460117033810687
0.42473772843732804
0.6742326539808897
-2.707091327233554
-0.4567165524964559
0.7296639920367618
-0.5060174705164057
-0.929326988076137
-1.2242779473952032
0.01708973815943438
