1.1448623728851424
-0.8014575632114066
-0.10772272840696948
-0.13706958580237577
-0.4418327661304012
0.5902392803374553
1.7747621461784002
-0.3118196710324081
1.7103968189579921
-0.40771754987155495
-0.12363538769287719
0.41770553545799677
-0.08588190737789772
-0.5835083512892589
0.40710612676861185
-1.941850478572863
1.1037911655103785
1.5038909328699723
0.13339506927330944
-0.5993254277993427
0.5513011201882694
-1.1938340172242594
0.25921070146674496
-1.3484937280238556
0.13053475553746519
0.8672843303166344
