-0.47921133966760754
-0.7295236919223991
1.3965490730495245
-0.8037697780913696
-0.23060484149822752
-1.9554920567582734
0.8971856093604441
1.0567435696858067
-2.262633485123492
-0.5042573417521237
1.321337855234357
-1.5743553564215174
-0.34451332871289414
1.8658217584175227
0.15182502110205456
0.06809118808011941
-0.937709573809825
-0.174074278936309
-0.8764413658413533
0.02505792987223437
0.69975806705561
-0.47818897745639677
0.360426751325965
-0.3834549080510121
0.34989821993330467
0.474351533790664
-0.3466204403845806
-0.6018483152881133
1.2511767803168306
0.6001325694482966
-2.3180034688792905
0.2266835459686671
0.7257818751735677
0.8916719457689233
0.6092980112890608
-0.3821067919656306
-0.625151994334758
-0.9525506470460349
-0.44555002044729386
-1.189735854997222
1.4792946599753893
0.5597105753803154
-0.19458298479157737
0.39795396057063004
0.015292328175597322
-0.22681976565318532
0.43270589590068703
0.952905020935126
2.3571310535550207
0.02200814489491982
0.01718884116841765
-1.7803148433495266
0.5642105235901319
0.040145280363461676
0.26393025977532875
-0.4683040832128141
-1.7404858148365436
0.7387788189886438
-0.3285882382753182
1.5552844182591044
0.3242033868257289
1.4537986056378613
0.7955078664411789
0.17619446265178473
0.6453083817260409
0.4208322795927205
1.5924857888614412
1.6227815840236364
-1.4536560607099993
-1.1603945248369367
-0.6679595670295575
-1.5630139581328408
0.7668032045496981
-1.9544687756846866
-2.050397019211169
0.47459132647035857
-0.11732155711556509
-1.325330196353682
-1.068716149785679
-1.5248914235507234
-2.1231781276593535
-0.24972708693534137
0.0788286808148326
-1.8843259671305537
0.737518356561544
1.054049053483245
0.09159153930990369
0.21057923631408032
0.27342160137684657
-1.4808359074483384
-1.1236765971315064
-1.2705225732155552
-0.5103573444684764
-0.6983114354463478
2.2490102057412185
-0.03823026519718658
-1.3614271105677584
0.5141293540996554
0.8426043638647921
-0.09501758284521805
0.7479042702589952
0.7900314458933063
-0.3781689507296391
-1.0470596437701756
0.39002049095535024
-0.5536172910108395
-1.8509064359679968
0.5072575523986781
0.010596805842384338
0.04143569761486796
-1.0431210274539213
0.31592159229303385
-0.3939906419922488
0.9166602439614256
0.13900607788865654
0.0165318683984573
-0.1877309448012732
-0.3080630610402451
-0.12523786183155206
1.8104412934190837
-0.8253131816663157
0.20269087638564598
0.585213647588567
0.2654349547689356
0.8268803207349059
1.7998133246435335
0.18199555477963256
-0.4999297779203236
-1.1403820681346433
2.630581576653005
-1.327402827301336
-0.5052170295863987
-0.1920060224340149
-0.5556843154200175
-1.4574691429474507
0.08834759519441433
0.26513883132749216
-0.3885483134510337
0.18823754856056893
1.2489987479745381
-1.3313553948375605
0.418059538152326
0.26823482722565395
-1.9274971110407841
0.8405606374995793
0.6397380114718105
0.47381440379475875
1.2065939327735014
-0.5018911779808499
-0.41348517643546434
0.909965311914511
0.16595937136058678
0.885647447772743
0.3627186993747202
-0.9166449780272207
1.1977565081963222
-0.9044175101139132
1.7034574286718993
-1.4444013370135385
-0.7461752947808896
-2.6447310032243108
-0.12777209723945496
0.16916916213421088
0.615444079512151
-1.7854715738917961
-0.4297242628248379
-0.39201145853802766
-0.09444270488785049
0.7587102218784947
0.23907217002280473
0.8692704945268716
-1.0735260710402779
-0.8653348568315988
0.052780393221265834
-0.15151534979272252
-0.39422100873097704
-1.1554056396541261
-0.6802128050994687
-0.25517295658472466
-2.0009797864017873
-1.780516156478264
-1.1023271810655124
-0.8187052438516863
-1.0066143605520093
0.694484860709982
0.8116401147191685
0.7212316534719424
0.8062637668706675
-0.19376137120299217
-0.010941999304413074
1.4581918165731442
0.16099372189931765
-2.3789632666450795
0.6986372773591527
-0.16329206721566086
-1.2248837713336447
2.389719641258922
0.3590709440357096
-0.9400147185239631
0.118884301028602
0.1633727001337789
0.7354054963901593
-0.400018403709277
-0.12015784130390769
-0.32525684753943107
-0.2742666628724758
1.2102554999497441
-0.4647357678469989
-0.0454466408164321
0.6919889623627137
0.626722259375562
-0.4073960990558414
-0.5231727141201395
-0.49497647229551717
-1.1741168603578147
-0.33961682227986806
0.04109150672268902
0.4847452134570209
0.45017364190523684
0.7784492705067454
1.3416463543434
0.046394285722062605
1.391408073200715
-0.509755214186872
0.1197097426858401
-0.532039659021533
0.5829244445511897
0.21203542681000148
-0.6058636753260135
0.22425266925822623
1.1750265165234532
-1.8919871080956896
-0.25000175643003714
0.5391153824340842
0.6211794959193717
-0.38731176400988876
-0.016794456672295382
1.1936376391026822
1.234351010806329
0.00708460694602576
1.9532567972294366
-0.5436444928120109
-0.3988057243144079
1.3541395286931208
-0.9027994920172299
-0.5971927626905303
1.1592141332405035
-1.319560332554959
-1.431375834240031
-1.8319700893628006
-1.404851996888047
0.20086859633550277
-0.11273055797744992
0.38621149414646466
-1.0061616351153537
-0.7583492729346694
1.1858776535286766
-0.12592785898763142
0.2760599646138841
-0.3487253899824781
-0.15690121455687933
0.33290272867891685
-0.3954136335720906
0.11812151130921629
1.299560128685872
-1.7698421770866313
-1.6760544014373944
0.15277683200921977
1.203728314043952
-0.5167491989053729
-0.7569509533031605
-0.7503932001301731
-0.6146655625661254
-0.9603190776783221
0.5416010135745527
0.18757067194889693
0.9686887453524295
1.3680276110046992
-1.2464786076176888
-0.5155791195881553
0.10012306875509859
0.315911010938375
0.029063560826497307
0.6624484328259872
0.1665858184889629
0.09169362706595643
0.46565291794084707
-0.3843955079688431
-0.10243548358361872
-0.9810568705523479
0.23380919386908147
-0.32047734575562536
-0.002144236608758406
-1.297409760295037
-1.709103130145072
-1.379844114874894
-0.48501868346365407
0.2037335116964598
1.0592463970295336
0.546879856703329
0.11490781954018463
-0.18333461650950061
-1.003583735995651
0.05701522416621689
0.2473292493001219
-0.12270358019215853
1.3782873620477085
-0.06258673974267179
-0.7321541205292516
-0.540276706404073
-1.4810156119083344
0.489955659777843
1.1689006727600633
-0.7498327497102806
0.3377567688440446
-0.2319452135855908
0.6232603711877467
1.926364836431962
-0.31821667809662874
-1.155722044167078
-1.1211036193793147
1.8482467349318217
0.46276435962465995
-0.030601836236875183
0.682743921272341
0.16370923130342066
0.49423462808640073
0.556632194878249
-0.42628247581990075
-0.814670266146154
-0.09117057348271022
0.015373405946701743
0.6249121865733276
-1.5937567247911284
-0.6024750659488106
0.8646210911172291
1.2451272526984718
2.4053900624164375
1.6432686845530189
1.1022752438804633
0.5715887880921887
-0.8166665797684279
-0.48110118535573476
0.6958032739873972
0.38403556156938995
-2.146363724820515
-0.578585676386678
0.08444873903985109
0.0020880967314549307
-0.7449799577635957
-2.140161433369652
-1.3037078383235647
-0.07360809904070169
-0.37823076218458
0.8921973068014902
-0.8012617774061689
0.23929021707655734
-0.4083166353845141
-0.9596877597871875
-1.0017013870102642
2.0653733335040276
-0.5553006751816832
-0.4333876050178239
-0.789517893489467
0.3677687650813555
0.7616664795056183
-1.3267810197428638
1.018729815414453
-1.6553397861267594
0.6395599092805803
0.8062164853133631
-0.48593847382062383
-0.35106033655690705
0.6872482765749997
1.8086741231422885
-0.14741275104753962
0.8273067351204545
-0.5117566371220763
1.1984839880428977
-0.6324541632156163
0.2555018510279801
0.0837769366141939
1.1719493516358181
-0.30191719256303895
-0.8518243920456964
0.7334450358425182
-0.6458746442482391
0.03586581388770844
0.8063765836954252
1.790920628157302
-0.2098299062322278
-0.41826664563702337
0.9560836579779406
-0.7182369218218839
-0.35876043731999085
0.5831509799822165
-0.5721688910672705
0.20786030476343492
0.19833468868296908
0.8711540312680065
0.41972660739543255
-0.32499941559933293
-0.755924658328094
1.3696728567044176
-0.36803424103839566
0.8217336759980409
-1.1219033262815075
2.0452165156906013
-0.10417297164429463
1.122621042907999
0.3049611932328934
-0.6232304288956152
0.3025629437910822
2.787688732234421
0.647827043389017
-0.34936298025056595
1.1312305368935862
-0.8613263226457823
1.3624772305921424
0.8687833940726447
0.7821057677128879
0.1512318842977075
-0.06524243006632657
-0.9688006494224684
1.200809880675965
-0.5568764619673233
-1.0642612197568715
1.0402088412250836
0.11297477600784638
0.2875221018764642
-0.021143605486187194
0.40692508665594596
-0.5574836847801483
-0.6676184559006921
-0.5042059487463115
0.9455849744648153
-0.15427045971875153
0.9984636910491138
