1.2114099859459984
-0.5498089640027355
-2.7348603681658052
1.3540048491172247
-0.8987508053044553
0.6439144842155566
0.8277733209820277
-1.188737340194118
-0.02839211910940743
0.7710161202891456
-0.19713176686917905
0.06021756067296856
0.9520794326388248
-0.9380530416075251
-0.09917025078499891
-0.2620086337478047
0.7895193800870779
1.6259390009236798
-1.079270717552007
1.586832950806919
-1.9448539747175764
0.4210016674279896
1.1562825525743203
-2.5643143166070868
1.5823012971500423
-0.5293376198456846
0.9441204638590381
-0.32164959358573464
0.1544469832842506
-0.7317483732653123
0.5787527670189123
0.10097668474432543
0.3301194115141163
-0.029252647418647113
0.46235581449731683
-1.935544515025801
-0.1475270692259281
-1.1307903715380265
-0.5322150496159654
-1.2729706887342989
1.9372895160739778
-0.271080865538088
0.7825690850054651
-1.249914743591013
-1.9040301019152983
0.8581380235706766
-0.24237599802537485
-0.28725189764892395
-1.0396923816466512
-0.8065637123294913
-1.4101042783844981
-0.8042662911935758
0.8044724332707094
-0.8156410726827816
0.11397646558488
-1.248772651444472
-0.7460345329049998
0.04804851193832104
0.345770126364719
0.5402018958012375
0.8587131806837803
1.5430037522149678
-1.6885018484438967
-0.723499227583049
-0.1434230810928586
0.5165861758400636
-0.7848110034800501
0.7604162035946229
1.4655473661706586
-0.38451130619399365
-2.065405148377046
-0.3350677393942954
0.4648923247244042
-0.06683122477926975
0.9884949886033545
0.6534006035590522
1.2101357349511508
0.03786993779269079
-1.5167800780312621
-1.3437814634114367
1.0798619800589178
-1.2949023022084334
1.08328790536086
0.2603337721248531
-0.19120744683619503
-0.3012815153545117
0.8497940265270095
-1.826955680743254
0.5895082131989328
0.5496287603783495
-1.0384123949059325
-0.26016068621053345
-0.6731058979546779
1.007970921276419
-0.3904047655895483
-0.5021092049407432
-0.1559396893787654
2.668486680357467
-0.309664705420065
-1.5950485315025025
-0.329309666619019
0.6584304842168204
-1.0904547455742413
0.4290737099675786
0.18798445194310293
0.1044850552902315
-1.3147787039503007
1.3325104402547303
-0.033427802399536764
0.668405614451207
0.4927501534880048
-0.655750700389241
2.1484122155736762
1.6860928589576145
0.44803205299470744
-1.0461620982411584
0.8826887671649264
-0.6795597660490276
-0.18683360228347892
0.12993912284545842
-0.11093994375337438
0.43963417952549483
-0.6504901049404596
1.5341826980043114
-0.8558582566320371
-2.023317742113412
0.06325365527632461
-0.4771750647397033
0.5970821053193213
0.1762672972856627
0.5068037192055713
-0.8295988154856729
0.7446968783019123
-0.1987352128928042
0.04578565843261797
-1.0242188338402536
-0.14506151067021866
-0.9022809045922443
-1.0214776809445736
-0.8808362571356666
-1.6136736992314484
-0.6951252909073271
-0.2758209279333355
0.6986530107725399
-0.10955209411917038
0.3003638314694714
0.8501734677715511
-0.249074034803371
-1.0726077148636792
-0.16643553749177126
0.7071863442926271
-0.6684607972713088
-0.8754096366439396
-0.5645327378875425
-0.193734795077239
-2.067538526077587
-0.021557790275689413
-0.028712972072318693
0.03244954441840233
0.49735925620522964
0.5160591052088659
-0.6683080980240164
0.5545742532201801
0.24322566426227016
0.42141530559266277
1.790661585784879
-0.32260131473162584
0.6675327365223764
0.8410781838933852
-0.027737844727329458
0.522739567443455
0.3375061353062511
0.6056341010105988
0.36580288168021585
-0.7138623742273893
0.5139413434737268
-0.19946753810928688
-0.934964018350549
-1.4259788387036478
-1.454046500180888
-0.5808065461502766
0.41606541930204316
0.2471084299709529
0.6602241896724284
0.02744675684906737
1.618963413664447
1.0080252511137497
1.5002071265764678
0.2127907303739294
0.9132032684623824
-0.2037427910617934
1.598637418494208
2.174264988304159
-0.49566530875274717
-0.2170948692325321
0.16911429725272073
0.3331885003875407
1.537211829136411
0.44904787984989747
-0.3209943513702101
0.20591590299082863
-0.3544678579156529
0.14291180574572032
-1.7285780553401975
1.4880261710000342
-1.0004118765633851
1.2565522389053758
-1.674048756079629
0.19673973209214707
-0.8315220075523964
-0.38538423573517605
-0.27661768228085676
-1.363635853214801
-0.8809408249405041
-0.8545339599116842
-0.7917849878462124
-1.153651978585162
-0.0958195945218364
-0.21227038458447173
-0.3106157326234504
-1.5585559427112665
-1.2922106385721868
-1.629766652670664
0.48794473501388363
0.09097934457104027
-1.5188170727232928
-0.7830714750488127
0.6701218069019684
-0.6146361604739511
0.9038886977169173
1.392574361088803
-0.5226780075391244
1.9936206203954219
0.36494430405484374
-0.029772331703470593
1.628480047416668
0.15663082019955551
-0.9009240726338322
0.046411455092306333
1.3195544058110438
0.2761429159583843
-0.993414365089557
1.332287773936808
-0.9684448575964915
0.6087664859964
-0.9662191590177516
1.717972350983849
-0.8984110984378018
0.09366536936427687
-0.15128484205867215
0.04001086212725303
-0.22032518252879293
0.4594607389522794
0.2758823204479404
-1.2518071406183544
-1.8441423155724463
-1.2294566323911067
0.2605228654149512
-0.5896301663977134
-0.1512029327751354
-0.9564195867815155
0.5285810847972904
2.516609231567987
-1.198590759064932
0.10397460367086159
1.9730735896759592
-0.2639673905757485
0.7746442433784362
-0.7343497347042577
-1.4874699838335954
0.39204898636189695
-0.07021318972907008
0.7481973042249265
1.107000199523785
-0.20704027039086415
-0.07991459586216447
0.5600985120394518
0.25393073380773756
1.1271559483348066
0.6911059045942367
-0.8153964805266875
0.41863373262134707
0.932675795361661
-0.947910726050157
0.5853503935649467
-1.5811653064922877
-0.13442383259915383
-0.5689878770696627
0.8772634093553576
-2.0667388180032145
-0.07512352945533236
-0.5859024903747582
-0.45663221152524625
1.3185838653041706
-0.10199784142008458
-1.0804737992885893
-0.7701863272872205
-0.9498830521587441
0.0889738365525633
-0.6734582554393302
1.0482738360564583
-0.47355637016358887
2.0950493840406903
0.014891253890216893
-0.9352207363963716
-1.191197742335218
-0.1650188427381087
0.2734886037003026
-0.4346837410217858
0.13881639657722813
0.24428390742150888
0.5804799214225751
0.5940433852752868
-1.321307600822825
0.8584972740007112
1.7242802783601032
-0.5608811534006984
1.4244925371440236
0.8801014635240175
-0.8805931355876707
-0.6848515364805376
0.6273571119341353
-1.186666348345749
0.829972644883531
-0.9085496215530294
-1.001235262641674
0.6657713390080581
-0.45292872164272924
-0.5060965612471254
-1.5710738128497375
-0.010267750417721568
-0.04746120966402082
2.262731406758214
1.5042127374928829
-1.1339251455744108
0.9020679031886487
0.18910571296006895
-0.17583611133741656
-0.9173075098739748
0.9110007103015123
0.9574612687938039
1.6165541832067138
-0.3932426004642099
-1.256722135524076
-0.4322059443053355
-0.23787976876838396
0.6129270380402846
0.4480440371087961
0.6814926659072548
-1.4141622707297066
0.16337186188350558
-0.703709095878446
0.9505737962223703
-0.10918901862684373
-0.24474096773193615
2.459956025855929
1.3952984369014714
-0.48589018021179625
-0.16472015888082076
0.7134970728735316
0.24693692512093612
-0.5811187031927433
2.1382343403614446
0.7495814767517502
0.10356464586762086
0.5334066902647698
0.23707096844988745
-0.5436125493711002
-0.19911906515783978
-1.4196645127326364
0.7017568954033818
0.12980592104760458
0.3181773887402136
0.6423151062937428
1.1010611981337117
-1.2664451216807464
0.5924790255941483
-0.1613145094881046
-1.219782105527364
0.6717757599005786
1.3790422028510196
0.1806234391278424
-0.5445561216358183
0.12269741981064386
1.2120458586309188
-0.09334903145992757
0.8515650559389558
0.08218792595608798
-0.2891310500858556
-0.03698942178324169
0.2330692055933082
-1.2472455709976296
0.14479765215241291
-1.4127201422638591
-0.27127392455470706
-2.067446767205958
0.11275150829996006
1.0382618532876406
0.004512223514169187
0.439995790839399
-0.10370764264963905
-2.408906925181606
0.21699380317715086
-0.7882803901121549
0.7063337292701034
0.2887514524464717
1.8086814106066627
1.393092915838749
-0.33322551653130494
0.3107924212082648
0.7695632676977082
-0.3771639580364469
0.05843706394752493
1.010911305522668
0.6171740884000092
1.0051747605300159
2.6088356810150324
0.5150257982694983
-0.4146860395174218
0.31243580148584527
-0.29530850356363253
0.4152210571332241
0.022853681039085267
-0.7659724018631717
-0.45906947971138745
-1.2856131086378098
1.2877092351022998
0.3799193181274368
-0.777379447337226
0.544217633103326
0.07534771156690316
0.5384816810798764
0.8225701002618022
-1.1043379196731165
0.514154054799542
-0.9141823854842982
0.30177719706669526
-2.035682886725078
