0.8242113606305198
-1.7481115306294186
-2.3026145575575443
0.9128487093350695
-0.8463340447555393
0.45293682028655896
0.1599436303156243
0.684685855912499
-0.4078575168501956
0.007755254522329025
1.2876649465711325
2.798638946534803
-0.010169612910018073
-0.23513114713682765
0.4797763900475187
0.6140243838165114
-1.6259790798484235
-0.5295335436573444
0.8401609410564201
1.192015611492903
0.4872618217342492
1.7753401644142852
-0.44710614853749686
0.8225968525775849
-0.10982277472269521
-1.008182917158808
2.5254686450494033
-0.4157812935893935
-3.322578618993451
0.84769347689553
-1.4924905729183413
0.6642528455005398
-0.47482190885360764
0.6854869853954745
0.1535390094127136
-0.04807512288653009
0.762439955324565
0.22807859882979445
-0.40766346039731727
-1.0622002527863577
0.37504545406593454
0.8590007747651078
-0.09917861936855973
0.9031027150670567
0.024451311420327214
-0.9280295041845106
0.189558779085407
1.277046240938471
-0.5215595756065509
1.8168844980858487
-0.6326201933767038
0.1600920540929487
-0.11448593660301218
0.06370675790912214
-0.6105565507708596
-1.0624617258404305
-1.226502092862297
-0.908256515812145
-0.9489901444160698
1.4866462792047463
-1.4593075251108107
-2.5676368503360445
-0.6262983850594522
0.4822851965950233
0.7026929600614472
1.1876550697151014
0.9406719182778892
-0.628089784920597
-1.2929002226183506
1.8057331064386326
0.3335892468681638
0.5200908942002229
0.9281402878736766
0.07249413057524713
0.562537731694302
-0.4545993377593851
1.029369202230981
-0.42284288489376504
0.9001126147136893
0.5325527409680562
-0.20611506731071383
-0.5386360408680302
0.2170610890745426
0.4338707601181238
0.40315679464943954
-0.8840402948228494
-1.6882797691446771
-1.3595403250114746
-0.8165915706387237
-0.3333966069384969
-0.43658268673737105
-0.3787191512216237
-0.6998229832443253
1.8773633370443303
-0.11245800520520242
-1.047386570618257
2.729121252418228
1.3490387605110787
-0.38117659960619765
-1.5269468088288585
-0.1658640809125783
1.0802080494140152
-0.26932689183747177
0.7645846943789376
-0.9325582886237451
1.7272575419160372
-1.0455171244813195
1.026992415750734
-0.2520519701481489
0.4722642108762101
1.0983665533014597
-0.13276653242370645
-0.7334590554027106
0.2920192107136694
2.347485095910347
0.022682713022026298
0.15558162388194888
2.5820753681647983
1.906902924268446
0.8374643065607782
0.3125434848429661
1.4109035685399285
-0.041873298681046014
0.039631933226567564
0.5618545804666987
-0.32192536077613854
-0.49159205109647647
-0.20891330350270976
0.5427232813314692
-0.8367687274233988
-0.43585729865627415
2.6812111823029143
0.7574447967277503
1.2668973164303952
0.7182572340437615
-0.2555027609927403
0.02548854878433973
-0.8137903896516796
0.4666625671405134
-0.2185540681721554
0.022543246416348847
-0.7184142233134315
0.9695318831816098
-1.3137006681597063
1.9313502159998042
-0.3887553641158101
-0.08862542887530887
1.0253932032264055
-1.1447720094124496
-0.794796327372409
0.3427102487906227
0.6518406553936469
0.5663956978919882
0.11553717927137959
-1.2267156369528807
0.1483052812227664
-0.6008658849461882
-1.990742347041364
-0.034598008428660024
-1.3867583521635158
2.107107309413902
2.850162706583577
-0.03837609040149256
-0.318481729534379
0.2668493035441716
0.40032697960219993
-1.7454666300836619
-0.5006445852847623
-0.26209482501572556
1.536503610535119
1.0552518026740867
0.6397480661703928
0.6440208375100049
-0.5092915436862202
-0.36488167355302226
1.4590094515302785
-0.526632478870141
-0.7156254583786571
1.5861660946172615
-0.9640828163777337
1.2076001129303018
-2.0166917991666615
-1.5394350717962448
1.314716542368867
-0.8146667582905837
-0.106854852846885
1.7989298651154662
0.6855696574064377
-1.2708405353686536
0.9675002507314457
-0.6044914354599861
0.44817768120448115
0.20146991147519416
0.750749586988292
0.275489866195999
-1.4199447355116093
-1.404678420091878
2.2134820255577563
0.6953571227523498
0.23242280659189846
0.05513308361990767
0.7394218855566735
-0.5256630381829893
0.21190195168772147
0.04730678969657341
-1.2164063791171729
-0.0011927466729324964
-1.3977446681430468
-0.4915652701133878
1.3637834396511923
-0.7063932409775008
-0.13698346096509198
0.3953611792669051
-1.307248125978755
-1.1449307619504576
1.9040833427492603
-2.0008102323239485
0.12988399659555272
-0.6369225333881944
1.8210939140857914
1.2131186568784837
0.1309978817404383
0.1709847104400272
-1.60643616591863
1.0295301299026798
-0.18564344949531913
0.2502268783735321
-0.32709838707146943
1.3809185131235875
0.30328694622532737
0.3407809087536295
1.0785278409293453
-2.028837781251935
0.25588148178917197
-1.9186794306492587
-0.9033929151913622
-1.0832312295676587
1.337401787899914
0.5563741796254659
-0.6651151272088535
-0.3486248553913004
1.1001172258471374
-0.7829156292496013
0.5691102650421858
0.06109114904798365
-1.0867932968563518
-0.8311023073793002
-0.06044489636339807
-1.0386492022690546
1.1121256191379827
1.7759725030318982
2.3381276277687952
-0.8856939692526283
-0.07224718035078982
-1.20479609544181
-0.494657207651813
0.8747585830584786
-0.4173786509310584
0.22195366863991453
-0.8983453990096861
-1.6945830188019393
1.5705093432488646
-0.2181910877727496
0.12537577831251995
1.3114104014352013
-1.007716817062407
-0.8231040721119202
0.2439903899533539
-0.6193401588474662
-1.5362077757177415
2.079064932877118
0.20910362316524633
0.42708313794474484
-0.8091950352682813
0.4263079296941002
1.6913708595566568
0.577618292552246
0.23011714884885223
-0.13050788470342467
-0.4695329240166169
-1.3348607840636493
0.5714284037912675
0.30240795710809176
-0.8887872577244995
-1.2596231977754746
0.4884622255842206
-0.7157267821352405
0.6669327864925101
0.6455197039814033
2.0179586288924503
0.693294142622017
0.34927617194728294
6.445506480733721e-05
-0.3076490528408614
0.28534113411556106
-1.353765126182502
-0.7378499543121175
0.17693750893916935
-1.124088323720481
0.2741169523205674
-0.08576955883516844
0.031097900769855687
1.8928105705454572
0.8800140091753181
0.5142367649211643
-0.31124191548193375
-0.4583229579539551
1.0381277262176822
-1.9602449162723299
-0.8515071650354378
-0.07681558861387634
-0.6634152993523831
1.021588693173157
-1.4326397135830138
-0.3274115481315306
-0.08973379186954805
1.4847388783267823
-0.7423774245750211
0.7875170494951743
-0.8713539326732377
-0.7888190007491158
-0.5676472706953657
0.7309136435990119
1.3718393082641234
0.35887025458776234
2.1238479854323744
0.7006292788674144
-0.378981844768132
0.7525935827220414
-0.21800628567085925
2.1506192198537666
0.3275228233709516
-1.1154537049389623
-1.5058230954735765
0.2325386880893877
-0.6939968259948075
0.870675502930439
-0.8209272462919538
0.4251561485801057
-1.5819973295969647
-0.5340141200666619
1.2377540579053001
-1.3233395044518488
-0.6211291184138557
0.94513624296604
-1.1413848868894738
-0.6530432393889389
-1.251403431853289
-0.2232879434709233
-1.4988193746949934
-0.05985522162492544
-0.0777495624823229
-0.6012834535334011
-0.05544316530983762
1.0874582972588744
0.932634928872392
0.34589543688349284
1.068584469032289
0.1663677999188118
-0.3062719931038638
-0.22177808313141223
-0.13460147151681898
0.4525891051020688
-0.9896493468171628
0.35759308913252796
-0.7900428541799729
0.5872372306149453
0.21495284150411637
0.1579053506508613
-0.17057645209293548
1.7055225456265877
-0.526802378824756
-1.0605352554836778
0.3126914372208395
1.0895424893078987
0.09702206217478604
0.02917682877365482
-0.584898598186473
0.3378548405709669
-1.8964576068920889
-1.4548645667957143
1.827634942980965
-0.7888040730649205
1.4797604559910043
-0.7780244965466484
0.5302655861735351
0.6732581105092759
-1.5859078108413074
-1.5937187797023407
-2.269905366975429
-0.9479186941043123
-0.8709089788794963
1.487080300451821
-0.6171498594614554
0.08324457129212512
0.4853673758275732
-0.5560684477513839
1.0425806601244418
-2.0674831785586076
-0.20948698535904203
-1.0431844221336743
0.6019566276089966
-0.16298745825340147
1.927132674026302
-1.0538136419635107
0.9334083285374185
-1.6643886725077082
-0.5310875797821321
0.3256143847341539
0.48419156957048987
0.9957795201676234
-0.6350525247114203
0.7035399559409513
0.38800138654957333
-1.5659364085986636
1.1111116739211329
0.09378308567642113
0.9179779673955043
-0.9526111961999894
-0.4227599590466513
-0.6741759859882223
0.40774164013464204
-0.15262170002125722
-0.18645838024794065
-0.05432001633524439
-1.4091279466755413
0.9925708507093914
0.468117737406261
1.3657351664638486
-0.6648518087231617
0.9458038965017963
0.23558731483142945
1.8594256052288212
-1.0101103699703424
-0.3867110944668591
-0.2709299023793494
-0.49247503182632824
-1.269351360474807
