-0.622956009570727
1.9571958869329584
-0.23285519071029
-1.3573610159943772
-0.4366820361671955
-1.1633823345879777
-0.6699941663571295
0.35766031405254634
-0.17779944849367776
-0.24681748015960644
1.3982491297140782
-1.5097990553870777
0.11195921706369692
0.9085643458942649
-0.7559875433074953
-0.7253635197578043
-1.74068128759265
1.3220054806869599
0.06296187998999314
0.6163649195009532
-0.6189509965177952
0.5124652560814522
0.23960103375832317
0.06337718872219196
-0.26091642484970584
0.08947670673700621
-0.1338341886022346
-1.0967841222054429
0.07236287190006209
-1.0732620884914228
-1.2991180890338503
-0.17548500902637354
1.9031633385250337
0.19782799497537626
-0.7166793777496508
-0.5504269656176246
1.2369075990903884
0.7434313624577708
1.4966474982314506
2.3096609475829175
-2.2390851868700063
1.6509200698263162
0.6249154690243531
-0.6703351337809228
0.358497143832662
1.7166305161301385
0.5742948538961244
-0.7185133822020549
-0.5275390644439311
0.3055307771444827
-0.5040266965654633
-0.09737667823760661
-0.7549300212041697
-1.1346107314088707
0.9430195181640353
-1.0196521410255375
-0.6173451039978802
-2.003463432650744
-0.04046205645584719
0.9010653715970622
-1.5843979359347553
1.6099285943799237
-0.6906930420273714
1.0291752333629571
-1.1436576389292337
-1.8019381301921134
0.010925903268991436
-0.49546366322974594
1.6785271848604302
2.079601102653393
-0.47662751445987167
0.5402056314933437
-0.3341210665247863
-0.19665190740709115
0.15944354720813272
0.29724440955985476
-0.20642551964711664
-0.4194365537646299
0.670795420602931
0.15473056201618246
-0.32637699135782516
-1.974811905394817
1.6558653381683643
-0.12710711555285986
-0.5943547431912723
1.0974285520649611
-0.5840005295446994
-1.5162250221124005
-1.1347004076206848
1.0768351649705485
-0.46306884199430265
-0.4882062705869053
1.0388491724970093
-0.7558053223641727
-0.9369629047001244
0.5578173199265526
-1.6101982885192472
-1.2879716746669845
-0.4100400313015908
1.005976684922893
1.4672570536655178
0.6892406770860607
2.0541825110100165
0.3417890258932859
0.00917832932590768
1.252510539988414
0.8001904184599771
0.12444474071951267
0.3228156038240099
0.13557934910590028
0.8277224582966415
-1.29572091910808
0.8695140683162866
1.595608176598498
-0.9191997067985047
-0.43654892344062574
-0.21349188668351116
-1.4813667951074296
-1.4763479923846525
1.5764662507547034
0.9744147894802804
0.19307895876156608
0.11338395926955631
-0.2789609650263732
-0.11736336971918994
0.2626614693358026
-1.1102069098475806
-0.5165109165144165
0.5990088334638158
-0.3074860016733023
1.2175025446176098
0.47465068278291617
0.7598156302134974
1.7508136506735152
0.6907537376386622
0.42744332909719723
-1.0879088933489933
-0.10059988539659549
0.28788745156440443
-0.9488875265360831
0.5398059430478159
0.42849711085545894
-0.6663517740291961
1.9826032070325648
0.08015274790429687
-0.7357491619488317
-0.5014771669427703
0.044982489287789994
1.1207059361276905
0.5746826417437404
0.3320197286009805
-0.649653146671415
1.368654459578289
1.2211827901769976
-1.8948754129893042
1.8778543378009331
0.7343912473550915
-1.0242350515591239
-1.465192024991425
-1.2380859812361393
0.09736425684020622
-0.16339144997570712
1.2852137503563006
-1.0036728501926688
-0.10880415747521152
0.14315810662356732
-0.21854983097555852
-2.5162735163613297
1.9358452469376612
0.19397893709529393
-1.3517190341080958
0.633852360376438
-0.9494183807156811
0.24730549733034002
0.5299610291568123
1.567378184157983
-0.30995271954054643
-0.3187901755544035
0.12299989144631883
-1.0716681876417105
-0.18418953223783285
-0.1969343409817748
0.881291052262872
0.26056694133140573
2.0521847591658027
-0.9003147474529548
-0.8783671890241816
-1.0527125687620336
0.4580700428768511
0.31547977363914237
-0.057786986876331624
-0.15346502686891297
-0.2982511521664093
-0.06683318843565407
0.3630349608791878
-0.7768575447556497
0.5462381829790756
-1.9788746828037815
1.3218622417776649
-2.121820364637817
-1.0347636593848966
-1.2813554565480392
-0.9252006451121416
1.494780251164722
-1.5735249844396615
-0.46493991523160505
-0.6990546650391647
0.26689575897059015
-1.0117253157819188
-1.1998568817318453
0.6511583695690624
0.3307625303495135
-0.9508595337443925
0.854380304305327
1.3117771253129782
1.0142998837126986
-1.243282390750055
0.7832721261607104
-0.4529636187500296
0.10345619362041641
2.393455590869049
-0.8175631039225825
2.6118529702837736
-1.6228290027234518
0.10219363740543695
0.055806200518093735
-0.10327081698475946
0.30644048412210095
-0.27865164304665174
0.8524954624916045
1.8134089998436502
1.0552520158067429
1.161367476545003
0.723880305086053
-1.2606601513605369
-0.8725424595984967
-0.4005488715522167
-1.3728446016466505
-0.08172085256488504
-1.5286043003066485
0.5403524948231525
-0.928948045757813
-0.44178293108284805
-0.9840188719592539
0.7968893562648631
-1.1532502790558057
-1.1982007951958504
2.3797063195004853
0.1383010981494648
-0.7778605921746139
-0.7864899613919029
2.530022351657821
-0.6429309212488843
1.285047257214167
-1.3754211462862795
-0.9587128732235111
1.8243232704117465
0.6397208239865636
1.9828784892734614
-0.24179994552236958
0.48825986707145463
-1.5053248500293916
-0.5162436920363895
0.22286250548688624
1.0468539521444078
1.1931436599536758
0.05279518041668913
-0.2771372937799696
-0.7208763637121709
-0.26279899632596715
-0.5766589146852021
0.6953430775542995
-2.1083471059052914
-0.686474251742156
2.007392214979614
0.8519269462230791
0.2690691901880594
1.4511162812925138
-1.0663196245117141
0.15043995624811868
-1.243756336869999
0.7178374816849882
-2.0132204045868956
-0.6754841423550861
1.3684208263404376
-1.670567602338511
-0.5818284823065183
-0.3555297015609383
0.5609698352418439
-0.9109495098709955
-0.24622595128131075
1.4335115798373983
1.536580798267952
-0.32327721894089356
-2.0942973957821454
-0.15990999759134578
0.6832766458560777
-0.9495366339177467
-0.24893299948449069
0.11337512664185712
1.7234039856294696
0.7550418789678569
-1.380821077924946
-2.594103115101993
0.19877137037096598
-0.6486209610343997
-0.11641013782038004
0.15205250759648706
1.1026540982988666
1.7546272005893333
0.9058391957265279
-1.3110796432284155
0.6922340667446031
-0.4486511652695207
0.5921078068667424
2.4806266369312207
-1.885400178217598
1.5219502939440903
0.24187034065781327
0.22477169571918565
-1.864211965187198
0.019463944834528246
0.2978919423971588
0.41903261422084176
-0.30259687433321986
-1.0234454742805876
-0.4076861714143347
2.485759305688666
-1.116465926200477
-1.0715114490581008
1.1869317861178954
-1.15684571184856
0.5814181102207103
0.5061979452465842
0.4480443595194371
-2.030301357403059
0.004051972393440102
3.2662303237546664
0.48919032485861663
1.5932664180314366
-0.45925260887603386
-1.3035181169239214
-0.9069789878291927
1.3997996060145204
-0.10961633601619751
-1.9773967370394738
-1.2298706950503495
-0.3087237773107255
1.1270355596305663
-0.22931054459450506
-0.9178650284037214
1.2209152128703749
1.1267120913859523
-1.1121730062977515
0.557366144374748
-0.16107597053895217
0.26471099745817595
0.32254613593421577
1.0964272674243887
0.26056567012483967
-0.7125504848196832
-0.6087052754835544
1.2043098301790855
-0.7491021168040056
-0.8102362072403818
2.4280045408096584
1.6363321042258512
-1.5010078754758927
1.0010452912143846
-0.9967411299702597
0.45773794808144397
-0.2815438535094652
0.0897482407750996
0.869900370538295
-0.45445420104143003
1.0286231389248424
-0.5429512683199381
2.301897814772723
0.6392934816292913
0.4246574962895636
-1.0151272573096697
-0.46793637592063403
3.1296067285076803
-1.3081847004008529
0.15086309200614387
1.0381581637623176
1.2185383443520277
-1.2771081622714955
-0.9922243101915565
-1.2515594604741076
-0.041083195153581886
-1.3102042037350683
-0.9790215187140152
2.3614190764308933
-0.2615430161022603
1.2011773130301537
-0.1332933799681651
0.07855721983706081
0.9666629916163559
-0.7564199142077159
-0.8937287255411398
0.47689896854343694
1.4126854061941747
-0.36122627460015383
-0.9784527266320454
0.34540493849550774
0.16809960490027276
0.758153707923609
0.2927883542197901
-1.5164122693354332
-0.8688611709289273
0.19253871647299844
0.4688558229862741
-0.5977184957384857
1.0569487708766825
-0.5640719247733569
-0.40035423352692
0.01495847051298937
0.5610029988883718
-1.7154365719751086
-0.9214076295720444
-0.11180756691197105
0.2677490211923918
1.1948837921900917
-0.6942055507039855
-0.9761529014946536
-0.972707310808748
-0.023579856049095304
-0.6925158324701686
1.1821477785471068
-1.0109418925439453
0.6822517228506448
-0.8169889014782705
0.28062353869522755
0.15854264851535418
-0.524363688777606
-0.7516817407828176
-0.6457778595962809
