1.1448623728851424
-0.8014575632114066
-0.10772272840696948
-0.13706958580237577
-0.4418327661304012
0.5902392803374553
1.7747621461784002
-0.3118196710324081
1.7103968189579921
-0.40771754987155495
-0.12363538769287719
0.41770553545799677
-0.08588190737789772
-0.5835083512892589
0.40710612676861185
-1.941850478572863
1.1037911655103785
1.5038909328699723
0.13339506927330944
-0.5993254277993427
0.5513011201882694
-1.1938340172242594
0.25921070146674496
-1.3484937280238556
0.13053475553746519
0.8672843303166344
-1.3362080467006798
0.5580473746868743
0.8177783715243354
0.729463436210813
-0.6650163738297564
0.9249762084864603
0.33473152896185904
-0.5472522838492214
0.19252658168237624
-0.8139234991509136
0.24048268924271754
0.8549777093714356
0.7733346776745725
0.09486897294897471
-0.5714547582942568
-2.061605257978617
-1.3715493803205903
-0.30649609506792996
-0.22572352793744438
0.3744620555989984
-0.7153815651029253
-0.5354185755581351
1.6690341604835586
0.8197725911360944
0.2949011208263094
0.9976996717540467
0.9808162032611676
-0.013665700334473292
-0.5204253491494129
1.9699617006255121
0.7373705220338158
0.42816799325667876
-1.2017328246945729
0.07361753782475675
-1.1265600426103488
-0.330930213471324
-1.236256766769357
-1.7187249165918579
-0.5768726550640831
0.739817992760436
0.6527564549700803
-0.12447485336526251
2.6385916098565865
-3.4422759224385238
-0.49396765279893773
0.7797212183691274
-0.22774839231192887
0.47342839733363556
-0.33291328275685694
-0.574704456930528
-1.247529473767321
1.0477779531451956
-0.15014646527466177
0.7950313313664168
-1.2982609204207776
0.2587575952323286
-0.7550176424756118
0.014543297825623754
1.0420238203370977
-0.14556238337283428
-0.023110692041320602
0.19488822920026297
0.7667338626042101
1.4697180309201086
-1.2512543062835981
-0.032187208326493806
0.43558748340771947
0.8181159722917637
-0.6221099218424183
-0.6521032983354164
-1.0256642584025824
1.4346249126504378
1.3119932201419258
-0.054716138532408684
-0.575500338740551
0.7529168077568915
-2.0470631148799514
1.6984841870870917
0.9789021285449608
1.39164093629476
0.6931277285980071
0.7209057352921052
0.0192992970398571
-0.752276827136321
1.6376367994290926
0.013377781534225891
1.3539386433827454
0.5156813253056881
0.21800353196322492
-0.2119561966166912
-1.1044107391150138
3.026576402065438
-0.7425860821813226
-0.058998407578256876
-0.6929746460052042
1.307536235314242
-0.09754304111008198
0.8096645666428872
-0.8832500171719081
-1.1732032726691044
0.7879365221810793
-1.0033633279672787
0.7428229795302393
0.11045145666240715
1.4171260887643071
1.3383894913678358
-1.2875217217325468
0.3844656613859905
-0.014895812573033167
1.9671642649655687
-0.8904536923156074
0.7966986657755045
1.0749208825269134
-1.4890768976266537
2.2370363422175403
0.737646574940984
0.5550202705020195
0.7212743141179628
0.32359782755460853
-0.07157215307641492
1.1835601995764526
1.278957045993894
-1.0287468696395439
1.1062851193227998
1.8270701116213781
1.352818866342693
0.23996482739183425
0.18529734673402473
-1.0858247992718948
0.7687761082268733
0.487317476828245
-0.7973399804915033
0.29999133859418076
-0.25644602419712
-0.7169053639724579
-1.5356556708082656
-0.10367393147492752
-1.272452350287471
-0.54229758149802
2.123507218478849
0.9351673745030864
2.596927237203726
0.4591233252245277
-0.17044909296500335
0.10062543114042646
0.5196512642423009
-1.0435930701564373
0.8075645479158389
0.7510175304670504
0.8919982454577889
-0.33994997717078745
1.5335996728535979
1.2187293159328667
1.1211697638627174
-0.16087383242450828
0.9873571941352718
-0.14138963641216673
0.8510250271600349
2.205207150478681
-0.3907313823389368
1.275728169221222
1.6981964183891205
1.3373456048999806
-0.06556711558571991
-1.1917216027458089
-0.5132204191731173
-0.29789928762194595
-0.5519854013098174
-0.09109103413986606
-0.31924558178687795
0.13347447153893674
-0.7576082393252411
-1.0705500063150697
-0.3919296652950596
0.5946992112982495
-1.4612518637428678
-1.5332046758326514
1.2850881788373076
-0.47550946408624767
-0.41059019192770435
1.4317471732666256
-0.2009650034095638
0.29478087485909366
-0.6956775026857798
0.3261289325002664
-0.7468103299973079
0.3680971660380566
-0.9876351484775137
0.0362029160040867
-2.1975754178657403
-0.27830584382171913
-0.7877922497707069
0.69674396118736
-2.120658636400749
-2.076692548835227
0.22399089850216564
1.4029736260510872
-0.3624371151997281
-0.8776926335951392
0.5875869960915947
-0.45391039348753515
0.9699451593969837
0.7934172942700533
1.3145062073025646
-0.20825226308497932
0.9084602971877489
-1.9600670417910275
0.5437539314576335
-0.5292560373751424
1.1394527203032414
-0.2354178493976585
-0.22542628550887586
-0.8358902661281823
1.206543100345312
-1.8482114651208235
-1.1438500333656283
-1.7656450764087697
-0.7312998917616947
-0.21581675484136037
-0.22863982565106816
0.5019081176971859
2.1146874328748213
-0.6803523914496122
-1.268966456553164
1.1835763319695947
1.4098997194058203
0.4666901027076774
-0.4834874907157968
0.8648047588120868
-1.3875766556518034
1.001987193980707
0.7565213725582788
1.2593806940383956
-0.07179588409714055
1.530126701907527
0.8319416105476081
0.8527265562523034
-0.07772317858046336
-0.9476736628451077
-2.588406750156395
-1.4538377767081243
0.9913263302509352
1.0070465401236646
0.8711789284711244
0.28488550198815843
0.825626069560214
0.36247294741145714
-0.1905155052182107
-0.2057925462255713
-0.7092142842296082
0.8549066009834452
-0.7098597354404812
0.1285521737153388
0.23052126029381495
1.6433036554452105
-0.22457077617350082
0.07832703962572049
0.616864072110321
-1.6012210630454666
0.09144246232172983
-1.16313675647823
-0.40196462983500264
2.2755580732156746
-0.2818498146163544
1.015409204935234
0.7143432677954271
1.3257663888247437
0.22164758192982836
0.6438306553571044
-1.9188076536553635
-2.8549070726207733
-0.8575190345791789
-0.3923974825509235
0.06583377273194518
-0.6759935234586729
1.32996510566466
-0.859133076795135
0.5490693807218145
-0.11882190522572304
-0.8881384851853393
-0.222561476879345
0.81369255911124
-0.5354852694959359
-0.8682163947339862
-0.5666807981794311
0.658903992344472
1.31099013623018
0.5055417003686128
-0.3694159083510306
0.637574559579835
1.4627568765483352
0.05941542912899036
-1.0533450605157548
-0.08510107649051739
-0.04576028613355309
0.8118398289974942
-0.6458063076635672
-0.3875361702997951
0.21947862912631205
-1.1258011496978597
-0.2210627971518649
0.16063079559696714
-0.4235391776299096
0.272905894301964
1.258262813233922
-0.46588902390097003
0.09971841116194402
-0.494011201450767
-0.5684948812168514
0.411594219355829
0.5406553976110187
0.695765935223965
0.07241319488197823
1.7059751619844363
1.1804759413987727
-1.0258709310861056
-2.2421306110963073
-0.04085928835505315
-0.2766505355695021
0.904844568642438
-1.2248612043830382
0.475998023254129
-0.33620799831813714
0.7565180825814285
1.6549784387205952
0.4978632920125843
-0.23966140205849215
-0.20512872762486806
-0.6114716070553029
0.1656628031557921
-0.5629577298306868
-1.3185382084147728
-0.9985625837158202
2.3969417065019116
-1.0588628392647093
-0.15320529639197555
0.6628328993786501
0.7638941428576418
-1.4735821462187515
-0.25906862530344865
1.1392166532409271
-0.9726042853313857
-0.4817455193794971
-0.13441068943477402
-0.05499733635705081
0.21415035171249786
-0.9007481758929031
-0.9611182070607635
-0.32077717918950827
0.4530274880342557
-0.9359940056744239
1.3272820833519363
1.8043515450137613
0.3469179646833206
-0.5316258913291394
1.4775316967235996
0.8692255344751759
0.7666822743557968
0.1797056052518091
-0.9654595939794717
0.09977994548589131
-0.9642742370837144
1.477090232263239
-0.5860735084829102
-0.37907288906577125
0.020290364126135402
-1.3195348174823576
-1.1113644063572639
-0.7790950797218619
-1.3864237897967542
0.7225591646496468
0.18961347199024062
-1.317363791668602
-1.041930293572756
1.4191802873883195
-0.33028414353705315
0.3523303133958642
1.5731549002512522
-1.5877346374751575
2.0624101293859707
0.17760661039739897
0.9662979458757563
0.23216466084138931
0.16033384872655482
-1.1947538955591634
0.015273118651010322
-0.010800091236981802
-1.50188933053858
0.737273468956945
-0.14821354179785734
1.3963848204989362
-0.009046635120351193
-0.20946151008109257
-0.16982000635476244
-0.6676949595264495
-1.0578677155479164
0.49353508652319245
-0.007267985331897343
-2.311917911036678
-3.2124326747456986
1.197396934499862
2.1510783983978263
-0.517412543322118
2.1068419570982293
-0.4122066265891067
-1.030058226998586
-0.9272193287986457
0.09895234229263679
1.6215575565580673
-0.041447174595882534
-1.9874316388368258
0.5168227100628701
