-1.0473046339429355
-0.4295567183786877
1.492559770418568
-0.05965919332881636
-0.5872192374837494
0.4653597044400406
1.3138475176605482
-2.1395180464215415
-2.1934628925420094
0.990860041048878
-1.0628366352984548
1.1375783924702447
0.5957853227219365
2.176843350608533
-0.5231476585418795
-1.1731307225237602
-0.460117033810687
0.42473772843732804
0.6742326539808897
-2.707091327233554
-0.4567165524964559
0.7296639920367618
-0.5060174705164057
-0.929326988076137
-1.2242779473952032
0.01708973815943438
-0.263036926871829
1.3907351368715253
0.0006919342546826976
-0.9936794601118799
-0.5269373638338438
0.9398011069676339
-0.9170419031589426
0.5432295272339135
-0.16452405290692554
0.4350232226063484
0.3653967227967552
-0.005039686094407949
1.6157888515839236
1.346809763489447
2.2831312863798825
0.3112718730184441
0.05107287364631444
0.8007776641684778
-1.069968600770661
-0.6310569452218528
0.030223411986584504
-0.13747380096814088
-0.19532563017839238
-0.1895245265043836
-1.0833627043930287
-0.5184852824273094
-0.07084289938948979
0.333943970972998
0.9671009575478302
-0.031236875599522013
1.4257523911032166
-0.3333859222753163
1.1945247989740622
-1.0119298249980566
-0.055477606135853744
1.4405215119209007
0.08779142735112315
0.43636153954187984
-0.7210089261394036
2.5583301024396072
0.1778015608411852
0.09906225110921413
0.6938473530552042
0.6758878417377652
-1.9717787543024745
0.4779198681296306
-2.3999593371877412
0.6124994969592821
0.3798666290911942
0.9348710629793346
-1.998150960590585
0.20461845613744895
-0.6680766197208073
0.6658851303821715
-0.7419106398964012
-0.3346758193743111
1.5832111691168385
0.5611276447937489
0.0017077217591795525
-1.3019073553462532
-0.05179284806188604
0.1879980330887961
-0.8254159813099733
-0.8151848671081328
-0.13152099253793495
0.23475852749076417
-0.7296644229608483
0.2267058610050285
2.333366277332892
0.9982490812388997
-0.3875285487253968
0.07929661953249426
-0.7068935487235805
-0.17678721473407832
0.01546990951689221
-0.13448897269727975
-0.6865936024076612
1.8780327700379078
-2.130008951979023
-0.261933561906982
-1.0104539176996348
0.24111036965293464
0.44744529438175745
-0.7018182534590686
-0.7005016136268135
1.2355662832110927
-1.4033172244448873
-0.48095483983628345
0.23832414431163296
-0.48932300255283695
1.2801018743737016
-0.22675430374935193
0.9565383158591536
1.4150498848928488
-0.4220582939886958
1.1075585127563534
0.9139833391628241
-1.0774160449979633
0.6233282672136675
-0.7096866859105202
1.2588869811403252
-0.07327793653767423
-0.50036660370229
-0.862753376088114
0.0729800630786631
-0.6031630436026
-1.2353654816550939
-0.8333343618187362
1.696932923118545
-1.258148009861414
1.9814679377318285
0.5336889581727071
-0.8169632674029998
-0.9011582877996344
-0.6769683807703332
0.9155719459121675
0.7831540636557519
-0.30031189992542134
0.4467876516376246
-0.2110809540071825
0.7167489720141554
0.044503244678234515
0.8554121599343448
-2.033086904520565
-0.5206270310246714
1.3504504252107021
-0.4956984988467298
0.20078255126465472
1.8263410206600525
-1.679262592603441
-1.6475527888778625
-2.139101846184746
-1.114361623010926
-0.09472414465180826
-0.17983668645860762
0.7689653738071839
0.6991876086329425
-1.1580232069307794
-0.22823301449230227
6.428819876130298e-05
-1.2045577053288778
-0.6506422615465635
-1.3425959142069623
-0.9299767845156288
-0.46389093897191097
-0.9693205643187078
0.8613199434409804
-0.8815051939030775
0.32573337133638364
0.5924231250253833
-0.07258527530260865
1.175396884696088
0.18500253528224722
-1.146694943846706
0.523930393162535
0.4407575617375428
-0.5449635434895945
-0.27571060647510287
0.29174750856407755
-0.05152625436720487
-1.3122940430392465
-0.8699321888111878
-2.3552462921389394
0.9885596662546039
0.17089246308826128
0.48303682534656184
-0.07086445409370083
-0.4339848854986348
-1.0383364138617117
-0.31002013875672246
0.8176387639122108
-0.7908470279248564
-1.0644526572111408
-0.749296554021276
-0.9725599778990485
1.4145811679011084
-0.7273638692620337
-1.5833669117999143
0.8742568402962216
-0.6767985737372645
-1.5491660081847187
0.8099720179915745
-0.6723082193138392
-0.19152700950339505
0.11026286490092084
0.3038623540144548
-1.743723706475501
0.9090113755815549
0.9578546005206928
1.1487347237972336
-0.0030748181566545426
-0.4755144776244875
0.5554869499624461
0.24431283270451962
0.5348081241898006
-1.4675275044058698
-0.03244640790143096
0.6427943017772687
0.5398697743813616
0.7905543930616414
-1.1495560489598233
-0.7108485844346356
1.1160992803230765
0.7448627100060263
-1.963676228095237
-1.9932018752544487
0.8562209494138024
-0.6061394053292806
-0.7011290995937166
0.5178865871886161
-0.47466116294318955
0.8078859039872154
-0.27407240689922535
0.3230857831539523
0.6294800038579694
-1.090839408304633
-0.5004422021440919
0.8237355843822407
1.0133434624451754
-0.4739777120140677
-2.566241806352945
-0.033009484896472485
-1.6806114208582845
-0.5258937996565161
0.06905503437368221
-1.2490610260387351
0.20780696497294418
-0.9689342567763392
0.2553878390630951
-0.12026179781235224
0.2561566541383339
-1.1933307213578008
0.5794379110338577
-0.6799122426283453
0.6102061347778425
-1.02200827905214
1.012206439463593
0.7367579074908207
0.5702732601981504
-0.8770573346442293
-0.3788174396999232
0.8050659586403188
0.6974271717058608
-1.0554740919998797
0.08529047123890927
-1.2131653905690938
0.47919231989707395
0.33115954469980324
-1.6654041821849421
-0.18436543115420032
0.5279430014846875
0.8707236638023973
0.289310985279822
-0.33900654743104797
0.1682957723374998
-0.9868819706257169
-0.7842677675335137
-2.7342153376634215
0.19214158621279495
-1.2765299590295278
1.8882081516326124
1.2195298395666299
-0.8158848896472699
0.3636880134958841
-0.6396154305646885
2.1607189077313484
-0.8082248949876779
0.45939373962600777
-1.2032898741440126
0.0014681943005388069
0.06815476957083497
-0.9346672607868728
-0.10746589037167754
-1.5419104699435986
0.45141919296997485
1.2761316834283054
-0.6528788599454853
0.8926395962067031
-2.5285442556508007
-0.11180219697862827
-0.7751815505990597
-0.5448096520866219
0.033836603511930054
0.4926544515151805
1.8982796647926192
1.1946105868480117
0.5205533789271392
1.1585525429971077
-0.005935235504374921
-0.06084507313121947
-0.05229869125826945
-0.12421039310479601
-1.6928704625659636
-0.6709602311983541
-0.3420539581433617
-1.4770057108097312
0.2035153487017594
0.44511265592604193
-1.7145062771681763
-0.699449509871215
-1.6074627984039866
0.6067199587510732
0.5957075396063423
0.3631619978360381
-0.692453276610078
-0.21077057283320091
-2.6751350807194982
-0.17264680902278068
-0.9194283755322272
0.12225055539574053
-1.9439561832176537
0.5047320543207288
-0.06443394145753965
-1.6771734351375749
1.3105212435153726
0.5107026821672781
0.83962650844459
-0.7092009245093658
-0.48045402131222475
1.1789227646672733
-0.6471095194960372
0.8431886173526921
1.1538448720650678
-0.522565308669359
0.02044427653797896
-0.9443381277136322
-0.20206973127924913
-0.4175059971707928
0.32329134716570396
0.4193070219234334
0.12488129479887246
-1.1352546705066593
1.005397948053784
-0.5502138625805817
-0.40990220573305625
-1.053151358134464
-0.9333443653387273
0.16109163151184486
-0.05482448746091659
0.3249703211869114
1.138489459213706
0.6587167164444584
-0.002481899345881
0.3790896784531828
0.523952116680549
0.6346352145252229
-0.5679678458310878
-0.41265688949176255
1.382109276998266
1.018255976898379
1.5944204506962498
-0.8303763906850528
-0.8590530274395535
0.20442913583790678
-1.5703681478490512
1.109497060022237
-0.0850968644448326
0.13315802769747878
-1.041569358820597
0.5965576432523058
-1.684733702224466
1.8601229371016186
1.7304433122467415
0.09398534260715286
-0.49772115381833865
-0.034322135168159316
0.07007901773106316
-0.8857469747302765
-1.271013274949986
0.650636885207291
-1.213150577936102
-0.21442629719552436
1.1971689713937737
0.14272161049783205
-0.22602235226084508
1.8047848471574954
-0.25417584482239375
1.5564338791596073
0.6513153544081706
-1.3261595619217041
-0.5958080040880748
-0.5761631364308214
-0.765013833813771
-0.8469872189722217
-1.0115026566813399
0.23461542961736712
-3.0133757145505466
-1.5325157229226392
1.4579972891154636
0.5417073429888803
-1.156440902446782
-0.3454942375684373
0.1457751104336522
-0.7339733981823235
0.39031695146380907
-0.3434324859890156
1.831777497642519
-0.8578856425147636
0.43401762568024477
-0.31898332378475874
-1.1864436157796994
1.400761668102732
0.24338242963433962
-0.8048412607330503
1.7462208270509418
0.5025147504401022
-0.6902515683747036
-0.6186339508560993
-0.39015896762278024
0.6471425722582028
-1.5616351291856831
1.77976162965274
