0.4812166628655783
1.7491626471946802
0.5591126097808287
-0.2294380312734418
0.3019744055567838
-0.362851697312751
0.2932927310407414
-0.07823925991099973
0.14014631750522308
0.16348771511830207
1.4514757753185068
-0.580598630525818
-0.03033579915217252
2.307025515786504
0.7139944442752708
-1.653640523212482
-0.07594630861680236
-0.7562658736957795
0.5692992787005565
0.4182947426824694
-0.015827327178247117
-0.864855290224842
0.009832028495395126
-0.1413264302317173
-0.6197121720086392
0.9745959526260711
-0.8572074550511201
-0.029868654935307107
-0.10945871019946453
-0.8074264445977907
0.9265701272526838
-1.4907909166221176
-1.5668027185420241
-0.07066366503414662
-0.4082409546533163
-0.132552584101594
1.9413760715538901
1.1904947473844165
1.248784344817364
-0.3864033291759289
0.6346703450075812
-0.05477501804900255
-0.15757627757292858
0.1710277597787291
-1.1150719099435435
-0.9628884845866221
-0.5129172306514966
-0.09132651319601372
0.3843113057492351
-1.5110090583137463
0.541736908675331
-0.8117997317911683
0.05411257401719582
-0.39863048566435155
1.4548215377602063
-0.1755059947973639
-0.19687064047395983
0.6654930483559224
0.06956711163872055
-1.738643738985475
-1.5205425980735605
-1.2685332947995223
-1.9656911103699528
-0.35426604903678843
-0.8394599408922493
2.719646544920494
-0.1747487860445306
1.4472502512165706
-2.2198044808601374
-0.8212925352627383
-1.194428597349043
0.11923240494094269
-0.5378400057057393
0.46627825759341374
1.5061193591385655
-0.3028458468332714
-0.11916355287448922
-2.5648562826258012
1.3333834270300204
0.10724314625060027
0.4035680718969887
-0.9240244981710988
0.7389940842355273
0.09840237793281632
1.0026466349378074
-0.6629498320181614
-0.05559194572319424
-0.1238361857252527
0.08095536985731219
-2.293171938806658
0.13314004356807535
0.374344207005068
0.7691524545761984
2.323761440807732
0.7210260174001937
0.5706271183897035
0.6463785856282659
0.9401447496741832
-0.638848205012607
-0.9093807283815073
-0.20934398920206834
0.6968255395485585
0.22388998316880876
1.3596739039486436
0.49267608580598843
-0.434516730313944
0.8462591290989382
-0.45047781694320443
0.14474147200138177
-0.3074993353464068
2.0199642425238515
-1.8220686893466869
-0.14613008760474483
-0.9656335222870023
1.0412140234172644
-1.5745664502425538
-0.3553991860486756
0.46255102044911
1.0384817681923704
0.6196690806173554
-1.686363546789679
0.456793785805515
0.7194108708301772
1.6625895987958945
-1.2151294565547015
0.23618678507918622
-0.44013333361520124
0.5390899636403618
-0.9615604322128356
-2.2336314009260696
0.3652688362899104
-0.5800091019323786
-1.9619135889576582
-0.12456427960818328
1.3306508042350536
-0.7120110669761766
-0.04210264020745876
-1.1288153573265562
1.3775880726414904
-0.2247596599976088
0.19000686264730124
-0.7569796255856658
0.4001630243017111
0.015851849231976474
0.2374434979232428
-0.21048923578953338
-0.5897390712065713
-0.9664106206111328
-0.7987807481680069
-0.049961085636177766
0.6343212562847892
-1.9143059604635249
-0.7006799951131883
1.2227997960588664
2.226568408902797
-0.9291323732350069
-0.7708088386643408
-0.42050770574158175
-0.9991371264277927
2.2607328807879736
0.015845060591742025
0.536481546982545
-0.40141167701143254
-0.5463039061254761
-0.20705887191472028
1.0518093668930608
1.495787816459918
1.6291977108803684
-0.20355550047844745
0.16268582461285985
-0.49456641710457294
0.009449522481391241
-0.8429537619132395
-0.8810690825150456
-1.8211006624000898
-1.1739760737080462
1.6827717203384314
-0.733733986256074
0.16366802681459958
0.14600414056078417
0.2734264828170309
-0.49591110399027216
-0.2891412112755509
-0.40428949595606706
0.5168849004031647
0.2860353951273321
0.3448368537931773
-1.3322249477573886
-0.9210690735982201
-1.6295310487671844
-1.0902286204300833
0.12751800686680367
0.0674495907308694
-1.0015572771070946
-0.4171205813080419
0.5224096689380197
-0.3124514968446532
-1.2566350792795116
0.42783793214242477
-0.5054780901207206
2.0755314492292394
-3.549492214577624
-1.0819748671159548
1.0527005937650966
0.3588045048517267
0.3084452969972758
-2.3588460481879414
-0.9343414177029936
-0.037907833002566185
-0.8239215440318098
-0.746916746489558
-1.8373272061173664
0.08092683103414484
-0.5988300269492897
2.4504279063827497
0.33167831845106166
-0.4335578626194836
1.7052529227195172
2.0484860872125132
0.796055720940736
1.0143906254426804
-0.025261525509391963
0.270184111928003
-0.21338455376917678
0.5338125544203032
0.22648917009728756
-0.7773451501909471
0.08804216177266969
-1.9694035846203166
-2.5094004120311557
-2.978910618889787
-0.36067848406750475
-1.3354906836050666
-1.0727214468090251
1.5577704931602798
-0.7118084784848459
-1.2886867129480792
0.3545740772755352
0.31299791051716797
1.2618486384687704
1.1154126192485627
0.3973175657369455
-1.2035285253107677
1.686380873513034
-1.400024558873644
2.4341383972637116
-0.5619524509387281
-0.29028064481131316
0.4674546877152013
-0.3498127862855408
-0.2510804159053838
0.5735569395699852
-0.5822173294631254
-1.7466915963154515
-0.10995761350300481
0.012886675200612452
-0.5266642528435775
-1.1744129910715457
-0.20630180861947686
0.32211520889057643
-0.3046266862464419
0.8350630338329478
-0.5497533678050083
-0.5802648844853334
0.11469973685852793
-0.9727691693354856
-0.4691743938402084
0.01651571575899272
0.3935898381791586
-0.4105317797135438
1.5744096492279904
1.2479645748590686
2.1167355093607223
0.7503645308354726
-1.3312912207582603
-1.3403884054018533
-1.0087458194790209
1.3748157114740092
-0.2589509697045011
0.9179236103695242
-0.35335510927021313
-0.043848811353772686
0.863547998431556
0.9770576175467967
-0.6634207010419267
0.1683032900671724
1.1186262695670586
1.377839993490977
-0.27734222328748886
0.4181689168335851
-0.0861636340818933
-0.25292811354904987
-1.0019563735248749
-0.30041934460507924
0.35985061703382065
-1.7457052969308053
1.226154659341882
-0.15672996476004153
-1.2443901754990505
-0.9007869711196538
0.46016639559586914
1.0606633933007314
0.1504270126018022
-0.0058318618228150425
0.9321168321459605
0.08942024930914837
-0.9817051147809713
-0.507229384585983
0.8952766627702862
0.6458040533440002
-1.7625749583129957
-0.8408982567697875
-0.49850051665235506
-2.1967400014171496
-1.1024574806752787
0.17045321669527158
0.802785075806401
-1.9848929963991446
0.19511247739370205
-1.4012038085262466
1.0365537152078046
2.480420931581924
0.037489681102308534
-1.036723921201745
1.7628133024820094
0.5713526736488621
-1.6619232454847068
-0.4903833109790914
-0.873148186759231
0.2863526969901409
0.07621034039264468
-0.374527141587259
0.4840815339368596
0.3895048718455746
-0.9639848651032934
-0.3655603643003999
0.4220037810336794
-0.3951631971087248
-0.9521317099681736
-0.22729994996082692
1.6125963946495203
-0.2172614431852338
0.7050398808191491
0.0057137506752755925
-0.4693245401213091
-0.648833734423359
0.7019841329273857
-0.7870570461959965
0.5902024466925908
-1.3888744100986856
-0.8835097805678482
0.21854045935449845
-1.3516633766946131
-1.315144135589249
0.9450269058279056
0.7587167143590962
-0.45236774338243385
-2.342581994902359
0.05282314239341897
-0.057721461588236725
0.07949295275338021
1.4393387362398358
0.03885762906443007
-2.286439359087553
1.5393749443533922
-0.6305174985752264
-0.20760137114444338
-0.18486592160810267
0.578002113092927
-0.5048252682793425
-0.2527221365680582
2.3282917007140864
0.6432542493323857
-0.6678018721114487
-0.621905965990808
-1.4868176604707848
-0.7445494302801517
-0.16420937405167835
-0.24087068026406133
0.5928075416568035
-0.46610818583475105
0.39732130374867747
-0.8553759071449835
-1.748033095660879
-0.7198019000621432
-0.3075005745514805
-1.3799891999919667
-1.4040452563267147
-0.15863433813266642
0.45510089113151964
1.3382807065352018
1.0521572145103202
1.8794741431370292
0.957035631331825
0.020443873317522992
0.1436633493255802
0.6929572538564204
0.5459141924398968
-0.9131929967983168
-0.26694828115140656
0.31625397651389453
-1.5345417714633367
0.4090219907746037
0.3413872992574273
-0.21563374647558542
-0.04996097403016838
-0.20328523933381212
-0.5396035872871525
0.5404164230487011
-0.3109083332116275
1.8243324860159729
-0.8476869882315387
-0.9216707608859295
-0.15868603955668314
0.8601220662688709
-0.24580272472554612
-0.7517170017084573
-0.5947957800805892
0.24440213481074669
-1.893982390875186
1.3015993717599204
1.172348014203732
-0.6203310571480057
1.0984549695270913
1.7191467283742734
0.5956166416094678
-1.5579967205306628
0.12644134561048187
-1.027443924316721
1.6769485206420285
1.2906315127104897
-1.5623257156139332
-1.0656799259252783
0.22344177251324054
-1.3059535427412832
0.32046801305184835
2.8713993250104273
-1.4725615451623686
