0.09285688741313697
-1.5538062828782122
0.8846157358771708
-1.641760595047262
0.157333111595988
-1.0514507713284673
-1.0105903615934537
0.4828307983923936
-1.2841240588214065
1.1062283133678517
-0.16802744880011208
1.4735397450046088
-0.18025852344819893
-0.6760833201987339
0.635445858465439
-0.8289911951677972
-2.043081434490651
0.44566438048988044
-0.24678733254773572
0.18717076723282208
0.20108729368521946
-2.024315441320162
-0.23007226988956006
0.20437618122971446
0.9715776177219043
0.21792103784145028
0.7252715038195521
1.3306514523378048
1.2049893654204373
-0.010646267300967481
-2.3191075749801695
0.8116096815147602
0.6078076731747374
2.011715949886947
-0.24390792395815294
0.23147913987094929
0.2858601983431209
0.6491432749715081
-0.23569267150668743
0.3181765041961512
0.39566010372605326
-0.7848311416813238
-0.5824213906312858
-0.7667420397593762
-0.19960496702324118
-2.719198156796147
-1.8911584891026454
-1.2182708362729648
-1.16838955523462
0.7974665377627036
-0.9604097951755638
0.5512189526225325
1.365903026033945
0.7312532266142873
0.5304872732656424
-2.080621365527021
0.26882483432683024
1.2001934797786113
-0.1826866215863833
-1.629013772995831
-1.137362728364976
-1.779704283064521
-0.24922832167277822
-1.009819012565928
-1.1509899519990805
1.3383169956669918
-1.3651248987788724
-0.44744471832059207
-1.0795547775426177
-1.2090476796839627
0.8962336258767841
-0.004301055311697522
-0.6077497527166928
1.2982864260136089
-0.06181445905017719
-0.4520537557541025
-0.9832160350595001
0.6368349796661571
-0.25849076953993233
0.2915545269457199
-1.6122255062214363
1.4202684239137175
-0.46802389044372733
-0.8561086535710082
-1.0253250733342827
-1.177624431485931
-0.28719857853541647
1.1471489069868013
-1.4183348407421241
-1.9198407797575676
-1.9738049083173272
1.858647215755979
-0.7374083388318975
0.14207523580844966
-0.5295136558810543
-0.740524441039128
-0.7143240419662287
-0.4290902051385796
2.059922422517085
-0.29851346955639857
-0.5477337259619894
0.3544788605741184
-0.7069912779295912
-0.6204984710278862
-1.8432772148951566
0.10472068502587777
-1.6029218175196196
-0.6237991395054076
1.086120630476636
-0.2552595414046497
2.345985701589842
-0.31496923741673494
0.03001039420446721
-0.939143947041492
-2.4703792517337875
-0.5392729840603784
0.24596123093098238
-0.6737660036474136
0.5316268529127643
-1.794389032534595
1.1642017870589076
1.5616897382881487
0.28405178356394306
0.3226671964774518
1.1452763847225196
-0.13666775803171816
0.5735171495790845
-0.5896099248329394
1.0690261592331094
-0.8151886888836029
-1.034936619150457
-2.1011377222842
0.542290867581664
0.5395804432773283
-1.0463793432309085
1.230957313362595
0.435276746232665
0.32160546438407744
-1.661875740854726
-0.4295371070549106
-0.19679298896863637
-0.712809774806012
-0.3527356529820379
0.6075527586924466
-0.4769457798816969
0.19954005071915878
-0.3141598939265671
-0.967374681846679
-0.5680954597407119
-0.2695432563442859
-0.9826050712438744
0.977179013404795
-0.21532116426480402
1.724594200454103
0.1605390203901225
-1.5134703848619622
1.0978278746870596
1.484315269724895
-1.5755009374365856
0.9131504222324106
-1.1342334300359236
1.822455123518706
1.551027108660483
0.20650161388613797
0.07021242524385608
-1.7789745414669602
0.22045981627535577
1.2698693176186016
0.47049996757620455
-1.7952636188050781
0.8354787107280729
0.25469357613996596
-0.052271568185281274
0.3615916308231224
0.07712232827991228
-0.5403885740627685
0.5911481963405133
-0.7002888476650367
0.0841692539363004
-0.5278348797305221
0.35423244924768654
-0.045281630715092294
-0.8807615773914685
0.8917992594602366
-0.7393761799046445
-1.0104068643622546
-1.6265877080115183
0.17483264904529267
-0.16831810725932336
0.4747043828271524
0.0005155366124013492
0.9378154639506532
0.44127044785200764
0.04179336280151592
-0.38017944224900524
-0.6195115080424501
0.15102851153813393
0.45382770599933153
-1.3965362126085406
-0.759976806126189
0.7328099451022386
-0.5473651349284091
-1.6080686227795016
-0.14012124132210335
-0.8145193930611548
0.5277509727821307
1.1705067764618962
-0.6258892943476024
1.3686374660528677
-0.11329854452481278
-1.2480184938893697
1.5010482020223626
-0.4427244514098653
0.808160953758488
-1.206504767885416
-0.06111567285420291
0.622064794390504
0.6225406418204538
0.7069848210604583
1.516051288057316
-0.38672139524355076
-0.2958775119774607
1.2973594119281062
-1.19611886099585
1.5325919695143082
-1.9518797675138362
-0.0611714302429006
-0.6132452682345333
0.2807468551115261
-0.5475434998908627
-0.25683492947480613
-0.31193099122260004
1.1583613270204218
2.1097591854736626
1.0812587236247924
0.6680250962766764
-0.5992526071218743
1.4808682532394675
0.23252491828785699
-1.5326001699949594
-0.2556372698312662
0.6387759662174697
0.09534474372227013
-0.5011511646383724
0.7222150830323703
0.5099015615097897
0.24056432534177943
-0.513179306779465
0.2740743763477688
-0.4196360585297483
-0.5194506760491104
2.140295392580167
0.22448180055628678
-0.6738530972285502
-1.0013590959880614
0.28241743417111753
-1.0831725486613837
0.8996626361765628
-0.22573788108787127
1.8670191545615327
0.2910958481335525
-0.4073029233268582
-1.2126601900051304
0.07763707281803953
-0.2798476408953421
-0.46762852887564366
2.0608680160134334
-1.143916192828977
-0.8051382959482685
-0.45219833686679944
1.5604158322108792
0.08949821798066553
0.07908040239378128
0.4201621073020533
0.2980716971682379
0.3648143388179375
-0.8946670460974027
0.23791470792149041
-1.2065377214710038
-0.4458523311138793
1.0529869099141123
0.11116438466502578
-1.2955394463171428
-0.6564462880456863
3.152222116408868
-0.25866785238707085
0.10159133308093557
-0.12576857824398036
0.6325077308006669
0.9867689265585965
0.37937063662351445
-0.6160296953985941
1.0641165469437825
-0.24317957725892989
-0.3131646027614988
0.6632956253770134
0.6018290451166265
0.7465426269670508
0.9573824205214744
0.08810320058172337
1.5330483840630935
-1.4179984752686203
-0.5174208541301747
-1.3780882184520733
0.6432302721357243
1.1400432013813067
1.5738200129224216
-0.4388055592908254
-0.457270032644654
-0.4190424602266947
0.726175143606563
3.053528306024246
1.1394779946874745
0.8942654720793191
-0.2246057100761777
0.8620287532303044
1.2370565501712028
-1.0560893821136506
-0.8838827626107151
-1.100688567355607
-1.0331436155190128
0.7443440118424379
-0.5300500071300854
-0.0026256813180676616
1.295260200363898
0.19569356542161356
0.7219487140164577
1.0746369690721074
-1.5184773771806221
-2.2043236272992552
0.24418789998357945
0.39621917414148466
-0.07401876641987953
-0.004153868715405275
0.6948805060463985
-0.037648538725132
-1.9507055009425536
1.0658093902698762
-0.24097170942956928
0.5680933835131714
0.8630030552473162
-0.7506739982231159
-0.5080318245081099
0.9263189663054346
-0.25942488291274607
1.230255194594658
-0.7233954881725438
0.9183599520028476
-0.5362920439544683
0.7463009624542932
-0.9398873451770356
0.19400326633598622
-1.0731727395772506
-1.001021255803273
0.2905649488927929
-0.905141775863407
0.26651192511265503
0.06263685305168215
1.7788437926900391
1.1057971216225575
-0.7687175805183517
0.856486674836892
-2.0399798434640557
-0.03931536873342288
-0.2024160113089849
0.6515886387698554
0.6146433189220301
0.33586255245226176
0.8996387267975846
-0.5203996663794398
0.34677618576058467
-0.228478523242086
-1.0955121489998516
-0.5746866452234924
0.43361141288728655
0.5684701738961039
0.1487377021807246
-1.4760939652041944
0.44084526621088665
1.7711882978913072
0.09184989439686687
-0.04291962201561797
-0.9690631702072195
0.35007718916249825
1.9901737032350078
-1.1048878585932913
0.0901237923800763
-0.16336836719877643
0.3012953143893936
0.5452727609567716
-0.6558916231706948
0.12517512168835596
0.8396750118097942
0.4175810951045811
0.0651122054735071
0.5777644341985422
-1.2704730110803657
-1.0240579239455163
0.5120636215738844
0.23447753797579018
-0.1416699159465648
-1.113642750416967
0.49825151814219204
-0.30304225975633425
0.7909084393682063
0.021211732127439546
0.969774388995964
-0.12754946012782176
0.16607928848644926
-1.663678393963803
0.07022057886033477
0.8701608557064929
-1.0293989319239376
1.4062421821295141
-0.813200410422471
0.49325758990432794
0.10438025367078474
0.06185751508340423
-1.3369859994270235
2.1474103757554066
-0.10166360161979618
0.8913152688333853
1.8033231583200215
1.399180668948451
0.17899865642361404
0.8855442157503809
-0.35461626199097435
-1.4155789802744827
-0.9251334614404392
-1.9052535084187046
0.6728184910425984
-2.616775436538402
-1.6207713555785226
0.082448025637493
0.03926834412421383
-0.1646751945437491
-0.9629280387449071
1.5336726770896538
