-0.47921133966760754
-0.7295236919223991
1.3965490730495245
-0.8037697780913696
-0.23060484149822752
-1.9554920567582734
0.8971856093604441
1.0567435696858067
-2.262633485123492
-0.5042573417521237
1.321337855234357
-1.5743553564215174
-0.34451332871289414
1.8658217584175227
0.15182502110205456
0.06809118808011941
-0.937709573809825
-0.174074278936309
-0.8764413658413533
0.02505792987223437
0.69975806705561
-0.47818897745639677
0.360426751325965
-0.3834549080510121
0.34989821993330467
0.474351533790664
