0.8242113606305198
-1.7481115306294186
-2.3026145575575443
0.9128487093350695
-0.8463340447555393
0.45293682028655896
0.1599436303156243
0.684685855912499
-0.4078575168501956
0.007755254522329025
1.2876649465711325
2.798638946534803
-0.010169612910018073
-0.23513114713682765
0.4797763900475187
0.6140243838165114
-1.6259790798484235
-0.5295335436573444
0.8401609410564201
1.192015611492903
0.4872618217342492
1.7753401644142852
-0.44710614853749686
0.8225968525775849
-0.10982277472269521
-1.008182917158808
