1.2114099859459984
-0.5498089640027355
-2.7348603681658052
1.3540048491172247
-0.8987508053044553
0.6439144842155566
0.8277733209820277
-1.188737340194118
-0.02839211910940743
0.7710161202891456
-0.19713176686917905
0.06021756067296856
0.9520794326388248
-0.9380530416075251
-0.09917025078499891
-0.2620086337478047
0.7895193800870779
1.6259390009236798
-1.079270717552007
1.586832950806919
-1.9448539747175764
0.4210016674279896
1.1562825525743203
-2.5643143166070868
1.5823012971500423
-0.5293376198456846
