-0.622956009570727
1.9571958869329584
-0.23285519071029
-1.3573610159943772
-0.4366820361671955
-1.1633823345879777
-0.6699941663571295
0.35766031405254634
-0.17779944849367776
-0.24681748015960644
1.3982491297140782
-1.5097990553870777
0.11195921706369692
0.9085643458942649
-0.7559875433074953
-0.7253635197578043
-1.74068128759265
1.3220054806869599
0.06296187998999314
0.6163649195009532
-0.6189509965177952
0.5124652560814522
0.23960103375832317
0.06337718872219196
-0.26091642484970584
0.08947670673700621
